66129243 1320829763
765212497 1777677627
1735526386 1047356913
408304995 525789603
887692869 888727305
1355188876 1738305152
1061489684 592178843
1574829405 284782332
1994102815 1287955251
603486070 234957244
943680238 307177113
1639241734 1495963515
113228809 1408000522
409822761 1895188970
258202578 845870434
1255607439 1515753364
1469288318 1651918781
822958969 1660014674
550205576 1089469339
1148296848 538875232
1779844015 942656649
1836063365 86731162
500904603 986027659
512294049 1370058187
1672078992 500880357
1691950049 249053928
1615750159 524780481
719417631 1588730745
1602840874 1085185312
169728851 1191863093
1531416104 1919384703
1478242888 1047055041
298884435 1785672325
609590332 430858854
444464173 1946169759
583997808 1230071073
1123682939 298795455
1760818286 1051485390
632231800 551127953
654008873 455367753
905010408 925752732
798686868 942919820
2081793808 743835738
744458858 557157392
520738820 2125057780
574572350 1152301246
1842553662 1779484238
355967463 1052320291
442641064 1769222740
1883812891 520640206
1361411933 1810260024
125404377 2142703946
2026348170 862419721
1347448774 187836922
148219554 141712402
1820776245 1661923281
1941959393 532040342
1659338401 1772742523
211715100 560944359
2108389281 547333867
484617530 1021930788
1455473227 1028245973
1435891897 1614751300
1349002693 644331892
904947080 216840891
875445212 2037805424
1689707409 1227809072
300478418 7687180
1097428576 41712771
1059852485 951688978
124995339 1278234071
1778815511 512394821
1512232746 1738988346
1487152524 2088345134
1549801167 593341163
1109978271 1212919596
1323901997 1775747868
1644374045 538405853
558751087 1897583061
592555033 2061789977
1699820263 1701476987
2065296063 1858873713
1101083581 585221785
1107901422 164481069
1878065702 1190947943
866291581 526861655
229804953 1441770695
1931414473 769964148
1814066950 204248689
52359248 126303785
431791566 1761906187
2077378873 132866545
349573754 1528148861
1817003987 1772610756
277961162 1925176032
1297736500 1027326780
595783499 1464679867
511620679 1845586054
549364560 695889520
944523483 1212562768
1151583358 626864834
1697490195 1314320575
804634627 1948627010
698636772 27207498
56477600 1178735525
1115603462 1498816360
350853264 1634597828
1904434808 1087301995
1848474617 964976517
1065790703 966716006
700884699 118481330
732901500 1427172862
1118791122 440983461
1675470276 1767346052
757280297 813430897
2102681181 1058961962
1275063935 2095577197
1633263454 158725505
1116691250 327915385
2100337768 526349864
346114920 746975407
738941118 1010256361
1274947523 1760689016
770037381 1994171228
1414386482 586776591
1181084847 2004289842
731529179 1072930823
2132224004 1569732543
1287524960 1425013130
961736721 232627034
1422299248 1124256279
1310986833 664090168
652277111 1389799236
430426941 1092344101
1184852066 788411414
1388956836 131082772
178089162 855711409
990050832 1254808859
1945741495 1995242963
26420914 1927519083
1396047114 1332465578
1178706175 170008829
1477920497 580171574
236311790 179426188
4919401 72520381
643691022 1433309446
2139790227 230207476
733037157 1637066035
609172513 1440476885
61046244 39047121
1834843073 1013789374
1041986357 138355173
200732411 1687542757
574431954 456160311
1668419675 200515070
1799495709 678576668
1999203296 255942417
1004403048 769020596
1853647737 1905944668
334990728 1013005355
986234712 1681767985
1096864567 245800580
2032355375 1310404459
1022845702 893465576
1095373558 1704050519
1917420647 829926748
291506709 406565724
2130696661 2142913985
1107943797 1511568503
1632977907 325629583
830021166 480861959
1275221968 307786333
1710782548 1062793274
1705574840 618254166
879362501 1772090964
1713596127 1522983742
283237864 925417534
992449574 719163659
582382812 1398395203
1989952934 1523374827
122955910 1297015052
1744178139 1423563772
638648356 505054946
1359404097 1934979597
757040710 1149393186
390754940 601448806
1323685935 861186136
686193893 1196699645
2071631715 1867012539
1553795544 555193981
1334898045 2030063495
1605094010 1294121732
1055083922 1836813018
799650144 1106174744
984487535 1357839303
1392839765 930962428
1139621282 961959325
166427222 574669863
1765920683 1757937945
315404559 1993120972
1590261171 1126371766
1442646746 1959125471
1373281568 1515010729
2007179609 1489218489
512046782 702589019
971860073 1311130378
2107150722 573895912
1207104653 203215075
129529774 139460611
176704389 557648633
1727458367 2096695254
585994783 1533385567
1370670720 1091992633
1112225761 865324885
583027613 1611720859
1142040815 1950846192
2012963676 1301148122
1589910775 1174116972
1016672042 937682247
1421800916 262708320
401876801 597580788
382731209 1731290919
1479237533 582824946
1583056687 27198189
919314201 920266886
992647759 1611119146
707453309 183501807
1782384971 475102633
1695385382 323733093
115583110 314102565
692892464 1843527902
460854213 82619298
1341349293 1863342485
1621068294 1801908670
2138517884 1791986016
1391650364 419613832
284524835 2074402700
1763468755 789141989
1605610467 1903250553
302373967 999823007
1907607779 1768160595
1343650135 57663745
511167949 138805942
2079547340 388204104
1341936940 2099054913
353495788 1932585210
954380 2051751162
622925865 1173108956
399202896 882433058
833363410 1754862181
890439404 1070534353
1127088238 1398098673
952929101 1802673187
790491305 1311994951
1900821371 1131093602
283221703 129363002
355318357 76632344
2039067066 1273317318
2061709772 1007076553
61955219 1351127769
1439300744 307336113
1967295908 1891941191
1702617134 148387560
983696997 856092780
2132393659 339263978
1508483364 898916856
269353917 2035384972
1248301698 1906119954
2133435030 428063982
887740450 198621081
1032898617 182528777
1658039866 1564120131
1523523640 2125076244
431071210 1281010507
18386133 53035355
5246907 936221908
1078550148 1275160846
1980282535 2120196486
108903552 1395340252
137984851 1943292731
1846438494 1671783798
942406268 416913236
1772037733 1285727616
704682646 66562507
252627353 923574097
1388606110 520389521
1360971003 1122306945
413084738 359957222
2135978308 168059940
1042102697 1626747946
1941517370 1060615086
34316673 181248766
1268253710 1406759709
1956049203 1696266801
1871303697 921423047
1607480084 227620880
1117830036 1195925726
1174865309 1643358433
971129283 1452827346
1000071085 812320610
1353911833 1549702676
1137729903 1891302884
516817864 1359160643
1602927155 792657644
278168158 1555794827
876955321 2143654117
363834428 926469718
1302134168 1451584961
1572763821 1978908124
1249158820 149358557
425365912 437237319
1440873672 41193795
448464960 1697866795
377458347 104820267
310909320 2146730619
1701592748 442884106
1305022208 1047180247
1086512425 1521909790
104634065 522721873
245182034 1670108790
1261937327 1029895044
796726074 117785999
951976691 120689502
768508602 2026498364
834594858 1359248288
281925625 382602334
1451681707 1426502380
2096184134 1034275822
519965835 504196605
723124901 154553191
1615105343 110445473
1742320506 1909547412
289830773 1596619302
789308198 1704867502
1757931620 175191748
115297483 1811590370
1938290727 1293887987
706551427 542437008
605374212 522251448
1072901745 1477886917
2134560956 532868672
123084941 981343730
976671561 2017473821
1313839422 1972290397
2008369150 1524156407
1598432709 958772232
1158263309 315340212
253433202 1011059434
1402395289 1435187747
1379836768 318955932
761810334 267675154
2113223652 1090551678
354697330 1717288200
865403704 1845665798
598910086 1775385807
2042593209 1364517464
1848815346 1443669969
1718990379 2022176512
64364870 242779418
594056705 1794400569
1932268156 2131439234
1767689177 845988438
377375268 2104525633
874283179 2074252389
1155761751 885958876
1463713844 684477086
1658970860 1666676458
34337087 1613964711
2128121377 1321095509
795967115 1780777613
1906244607 436515888
1940179141 1006920003
1991164704 2009219031
1801857627 100872707
1237747519 259824023
1537536201 1603641231
862477650 1021355570
1536064738 821400180
1611982449 496877800
476402478 1698794889
203009466 270036542
674302662 158779756
144125698 604937911
1133242504 847649857
831830148 411021712
2104704139 1031754824
549847841 1494226440
175218623 2011672801
220271638 1624610653
1768316529 885202268
1670569202 709166438
1290932296 1566392540
13219894 1004595897
2137876573 1770505232
5580871 304648478
1863579943 1646117489
343130186 138198926
123048701 688384131
904141950 37373362
353643398 186262361
758076022 370637160
1749619676 2075270572
371148476 293301419
729102496 987816767
294777337 1532806818
1988608579 163032849
336303074 2137180167
744878408 2027024379
786582956 421678680
1045801149 1157479037
1729895398 1220574272
1576837338 527260398
1394985495 832110153
1825014445 1861883070
1041752973 37028389
1677431021 1775502012
1783966364 1110469090
1939638000 314444123
153102232 269792208
178819953 2015815018
789794905 1570100768
554936498 1790179347
879025942 1843113371
1617545335 545096606
234580378 728483482
333863926 2093235760
119040897 2067564896
1666072872 318401949
314608665 81480316
766056414 1627861345
1857168836 2075041744
1122580362 1528771094
431096543 1952123245
1369689491 1232185524
2005227752 1126282606
306399273 2124014305
660673233 1217563076
923721703 354839062
295422708 1637977013
524602240 154933202
1108780585 155238135
173770708 127306512
687184395 1603369267
217032167 1852405342
604612582 1958068773
477047103 1194021347
1671838440 1706467655
277007459 1242889474
1884941645 59324263
1029106815 1774171366
1856331726 1771733145
564667827 1883391362
1870661407 1843876219
2004470567 546076765
533736488 662157984
1457541768 1481820567
1419661673 1363470295
1236143583 1353762922
920837044 1812282598
2051460424 1492333455
774580614 1097930913
1976692113 237523611
794166943 1824309037
1466883639 1992919768
1877362815 371632102
632658542 422199502
176475421 264200992
1073065413 1814351011
2031412708 216710686
1499828337 2125969125
472269547 1476235963
1271552668 705480658
2140837865 327805922
1895188278 2057489983
515576825 815016904
815924863 1253095068
347364680 769679474
1508455599 1744562111
56396159 647030772
1512554681 950281146
137995541 13428321
528669369 430822243
422401386 2010209882
1049832665 1088416049
1972427416 472404570
522424887 1441210953
425309377 404087845
1786804414 129376849
482846814 269348404
460276471 1824538513
506222901 1080395456
1939714106 1298835052
1451058609 653611966
812867921 36087665
1614902254 1182240689
1448341178 1349801857
1188723 531375097
288793262 1105690057
1425713146 2141514993
74208280 1984385716
1780908522 261160504
48983164 1280611869
367146197 106345874
673879985 628603803
1003966164 1751702461
2092553594 1790168884
383891199 744660473
1040687664 1448874437
1026541204 138343071
2113196284 1562840386
2065410406 1121010189
459826652 742369326
486761827 98421083
1173243008 1237085786
2046166510 1714387115
1831097974 1319115281
1216010456 1388977910
1651903239 833287725
611598760 182379476
845181507 1673664951
1513892721 1426283743
283271147 1264142765
679133817 1009871327
1769788478 839528607
888117416 760910824
1587002558 102335680
115370486 237409078
1218387723 772740430
770389696 173507748
1171934191 76740776
296486845 88023675
1043752223 1466315666
1045179219 1129676826
783190307 2089342914
2064644004 1746434336
247064570 1168092517
384233768 519713971
1747753354 888994863
1820537204 49306177
1817985890 962757510
737168132 1397419095
25645506 711264223
2071425775 375427210
1752298281 2137027126
772111013 161358161
741555885 13198018
384425733 608610836
973047729 1888673449
1212997676 466049236
2114681392 1803634723
1089003470 150560881
1010543423 915042397
1344492989 635360100
275622136 942476789
434527231 1115841979
1102361041 1652569304
779799543 2040156072
482614167 412248047
1429949985 663503518
1632984802 1349200837
241968220 57262344
1699289273 1731733142
1977207729 1613372955
796474920 1839198908
1053946662 396475283
1018161436 1253132042
2006274950 51335184
1544845917 1570357137
2121595092 977406460
1129512281 14254811
1739775942 216178864
335888183 856984455
2105227824 63625834
2020147090 990255160
994561494 248281678
234302368 889727302
1522271117 681066989
462177874 795491945
475939398 1810801800
268812355 1950372103
566807248 2027119462
2097622553 625109252
707817912 858810079
1013589893 2032408338
1475370352 1104261648
651282307 1716330309
1152716759 13736142
1138336752 674350790
1421477477 1400569580
2118482012 2074005030
837256467 841527693
1159992855 39350930
2024337048 821963943
1640665384 1583659350
742516486 117560438
136166172 974677130
1365491513 679858633
1282195886 48643984
522141542 829461864
457250633 32941055
621681143 1949408880
2084822032 644500101
40092262 1426546286
1669011604 1675792149
645950683 434338589
692448193 389013979
361638004 214180102
436618520 2041877990
2044336730 1249494916
1941435526 1297287654
171490696 1871826701
1687492304 997724589
1929645727 1860801114
1946697974 257192462
69114681 1701770314
129023841 1216431194
1015004212 496747989
1341884491 1598495789
852693386 133921342
1669272523 1653706765
989240262 793239761
1775440997 1105057655
1546333299 996438158
277494942 1110485345
1898257501 781741112
353220263 973187825
2089819530 1036915482
1910732899 370007726
230099846 1575331987
693493773 718022071
890882630 58880681
141200367 376728672
1384227016 894361119
1588250362 1840801878
394371693 292705868
1497421376 1308503931
1399951158 1329090317
522108536 1275026149
35492303 1540806791
1023596352 1364243689
687975250 626296446
271672567 530084626
1014551173 256619369
906798611 937415398
856552723 227572094
1367144812 1088530810
1156261593 710089665
2041992810 1546390778
1349368240 655230055
415688999 978076340
1637579871 825739990
1956730158 1481846671
703212390 1047032836
514032321 1695723349
1158377317 295869070
866914814 1460675655
395052095 2017279096
1848589886 1470229325
1146781410 1414875374
1806744044 779354688
1800803398 878700856
1468081555 1199708499
756016679 1170521339
1289272559 700617799
755100318 56516825
1194962495 358089927
1299988853 256482085
60168653 280024428
1658831021 63144208
1973862682 749350858
540013136 720910868
863353157 378802434
1062659086 1659349999
1478843703 990875977
1057514292 1138409351
1159741897 209645854
979750297 2127996292
1008310257 1692456660
1565717177 1115701719
1401242639 1183600778
1559510504 1439943046
1325087251 1943102409
1409597261 1133324396
862083143 221876941
1534385487 713702448
899235841 1578720642
1452322410 2100907113
1752895465 368202832
805958658 279116712
1632131922 1549941801
319911262 1441744513
1110941700 190293532
1456001348 1024110077
820654974 1632219323
452009496 1376614069
630137215 2053866616
845990896 1632327872
834146915 178138810
1047602756 2016066334
2062277003 1972659926
2030141988 1118550171
963479064 1529134644
12354377 2002172618
2023947601 655903206
866353742 890140282
1711283226 1274946282
197585638 2082500337
1138615424 970456777
176970103 1019466792
877920187 1060604630
945234675 1168205190
1236436029 645508429
1385987783 1694058279
1339265320 1188124556
879391366 779158933
190427525 192928530
1713163205 414306588
1555734947 54692799
752058932 1339992885
386134361 896464771
383523314 37473542
1401198940 56198386
659620251 1544730053
267284099 1094046539
1516306424 2130827080
1330643600 1528460463
2145972589 295049193
505755324 967225977
1300164084 1792126815
2019156400 2065788588
2008298154 1156563729
2031291366 647742912
513879088 684338765
506084221 1408873752
1821505212 278240937
1826725569 917335527
544655393 1613019921
1749003621 1296656577
839592123 1834899732
998084988 2006653605
459580827 448791490
287629192 339914260
1148767789 1950209016
1583086348 759344497
1400545800 559018388
1184921555 412779616
1947869409 2099484422
1655693284 1342708019
1562198848 1833353939
1077679819 162508279
793730831 789890570
1957163093 686324396
369692650 262271203
301198540 495895405
1798597024 1108563253
254648510 411082093
1370084442 742795105
2076499104 574275211
2136009754 1534264590
223226830 258279806
1312540904 162010341
189939305 1910123564
1616183289 1157349355
2086586812 1981100772
1910858586 756898888
1113879490 1787236447
544413726 42365890
1004555921 1647123872
263258477 1898938874
697614594 203831134
498172166 1905167352
1168034372 665807054
1149256454 94450924
2097513979 1278964525
1785887580 689383502
629785863 361485915
1071604166 749660688
1167193308 807033319
296279134 1226526346
412095456 2080863493
57850758 883957537
1121496297 976502968
486557559 318516164
641651737 1095770943
412207770 101762189
1046302606 111035864
1613615056 1724010908
486636590 219373423
29152014 1037643907
1990966473 693381810
1144116963 2043443630
349130075 633810558
1698683972 389195994
267777943 126448397
1111691498 896977977
584165832 1838738865
573743745 55573134
79056897 1132335534
1453013930 1699512544
1017907063 1349808046
1088001268 102630080
567917138 842465825
1151273736 1293679793
1295283188 587940937
441541619 601621625
1101099298 43021013
36160703 1522637848
185677504 1013682841
534694408 435702569
695807391 1691049745
522787889 1192425316
1196338835 2031687169
1619773667 600569318
1849707551 441013890
2070551418 1849816250
1576884255 204329186
850090572 519313113
1807183788 595201252
1672891735 862307262
1670472838 631583497
1189361624 1065070579
2022532335 493752690
351389539 1208202068
1049757090 717969810
1440046972 1927591310
1773355197 2019884910
1083389935 1249886858
1443944330 768117686
1701835996 927996797
480202131 1050518770
1085690995 144525834
1256718298 1310716842
1794964596 1268129133
1597542647 2109428145
768581337 1207634181
1629959219 9931335
1494865126 1783624142
779792001 731985406
1604612465 33061201
1071688355 2024855835
1691934851 883051319
631775550 6058541
1399956043 2124135664
459174944 1070228707
1653714855 1920352815
1579664475 257815060
1274888879 1724452906
1399479214 1170140213
1794933125 2040420107
1582614250 1086733645
1162497877 1458903473
1853286864 801445272
1035392449 612395470
2026205598 1547166829
30048584 1917286316
563557605 414593023
1788188478 1503794713
1926030143 1225989956
1646568933 1178492450
1771119253 1963602122
956308727 1823271161
1813234456 82724650
1824896973 1486115856
473734596 1083981603
1736749001 1589517277
494761527 1363682161
896667496 1057538796
1821007646 1855705807
1261396892 2027591456
2047832140 1845125504
1740934625 879424877
1756678373 1598447640
1561858859 565538175
661914070 294363417
1155761846 213825759
819727527 1478412704
562964532 2081561668
42719908 1307932805
94315532 466534397
571271640 494112661
1391037296 2117742272
987619496 1754825804
1140861089 206727031
375181590 1445490953
1491802858 1005143813
2057944448 1469919311
1534000567 247616059
271270229 1229650742
2075412940 582636900
1686094224 806336707
1598806400 1574490043
230262899 1392483369
1397988130 1943831884
513023502 891889072
615361759 133774772
1801354399 101298701
1101664604 2140819948
820492335 1662336574
1080841143 924647452
299252101 990255098
138746373 1051233595
882640302 1467680234
694923463 1442789684
704755558 1600921710
1351759777 477825649
268641479 31955243
1184360783 1049762282
1355677139 1278670146
2066228515 1815888801
319918399 1046940345
470585647 1335741707
1753872518 620490741
926105151 1558594817
743350646 1427621749
1774954095 43663232
391989596 301278859
463420211 2144799425
911155159 1279562059
1728353896 1245620485
1572048205 664030541
573673762 1644903746
1118126255 172048545
1493797098 1857188602
589931976 1172377095
2105654203 1065462462
1267654790 553164535
849325120 519453145
1499190556 909664955
1463757962 1988730651
1079928529 2043913318
116813731 559143172
334450189 635802857
1524884378 299308904
1987566533 762235085
1825669855 395165167
1245040026 1908824186
2109697507 641650410
534296303 1626832498
1657543410 1138646991
158110247 385402502
1302990235 986250197
1405491247 860724453
1693940160 1108451206
214127955 260219274
577083800 1452797206
1476789909 1490465455
111284252 815673528
1904729393 721982838
1159254644 1337204117
179633564 516317655
681628390 1647272375
851177788 174016368
1390022348 689075882
354473456 163302139
112478744 1280612333
1661434594 1694938742
657332580 150342198
2028351840 1625493179
645594753 776817244
512890846 125353256
164873009 170979436
1222226197 918841812
485456184 259907764
1948344213 1352041344
734076869 1001394582
1156760129 988458311
367667229 208085344
1126190664 189034477
1068925225 439358891
2067744819 1498499994
219526027 1584685128
957696538 896522401
2006270069 1968243588
557206601 1894792948
1024449158 1754924071
1530286223 2088119495
72134936 721721511
164915008 1396201470
442895567 1927572956
817153265 1041635903
957776516 648461524
330334823 2062179345
147497187 1879077573
218502867 909992825
2063901125 538618130
2022728442 1696017269
208216376 1066808351
662704131 556886364
1529696091 1923405428
613507741 655161254
1594296072 769584762
447543892 1644788415
2134432476 651538167
1577675710 1934805136
1731192661 140916047
162209334 1106522369
1924903736 1409752626
1159801954 503967511
1262923386 1941870260
1767681123 1856652207
0 0
