237 911
747 147
491 545
680 57
782 808
147 776
118 549
418 339
756 897
938 600
533 88
96 307
393 342
559 550
842 770
61 950
736 322
273 505
975 55
335 985
281 421
44 613
995 989
164 685
615 274
942 433
699 29
726 503
188 754
234 668
591 904
583 357
520 220
762 434
913 505
305 355
890 27
222 105
226 432
706 13
609 8
498 568
104 322
785 997
35 767
496 761
229 500
842 382
201 367
716 103
688 35
831 364
72 381
94 55
53 897
269 348
90 939
976 121
914 33
981 724
239 581
159 471
147 855
659 420
3 80
467 118
218 40
962 392
428 929
195 553
780 817
672 651
258 987
702 252
545 364
980 73
229 680
465 247
172 290
934 541
871 807
543 806
893 390
633 298
242 349
466 708
602 79
27 25
990 565
183 483
31 612
34 251
73 728
400 322
158 496
324 390
411 600
688 123
951 635
863 689
915 447
244 69
224 429
908 302
975 453
289 365
178 441
356 48
371 593
81 659
110 554
717 614
472 168
492 9
744 835
423 266
861 363
173 444
868 947
925 176
224 616
490 740
525 287
293 450
108 130
749 952
609 846
218 203
392 432
278 523
458 679
824 61
949 759
925 676
654 692
317 790
475 113
77 754
810 41
75 860
94 314
169 6
92 772
484 830
926 816
887 183
986 966
891 595
898 995
135 621
923 301
644 611
173 359
996 272
217 90
201 918
825 9
400 944
792 567
34 556
610 79
513 575
957 767
961 514
837 725
529 379
31 50
42 590
532 558
763 868
476 187
216 628
656 737
79 386
409 335
749 675
552 981
81 617
137 303
803 610
256 732
634 585
183 255
644 260
531 878
125 301
55 660
933 433
694 285
753 785
911 612
665 2
747 60
60 469
500 32
330 335
590 815
583 450
315 411
248 498
528 58
773 499
229 601
30 762
140 90
553 298
707 510
97 367
712 925
195 928
988 297
99 656
611 565
258 939
956 321
920 858
187 890
990 76
108 896
586 846
286 331
709 287
644 493
429 341
544 624
111 517
319 133
685 924
856 963
514 378
98 666
399 820
615 820
662 485
478 849
945 752
602 566
996 794
872 403
698 963
430 661
246 681
962 391
621 792
59 925
975 219
332 454
807 714
295 952
630 787
234 372
373 272
226 467
190 162
918 517
444 478
41 399
135 429
17 867
199 661
169 1000
524 791
938 207
2 896
297 525
592 344
708 753
302 859
81 857
54 64
585 394
62 777
43 128
599 848
544 64
914 686
113 714
526 706
806 711
267 800
216 454
617 163
915 275
932 280
637 109
349 787
834 803
225 138
804 33
500 820
240 412
157 265
609 595
651 319
944 317
823 825
87 182
442 647
636 305
502 671
416 850
845 721
385 182
710 824
587 964
458 764
109 303
652 366
274 985
601 952
165 952
105 627
100 966
266 264
620 481
133 729
875 638
831 191
249 775
795 608
983 45
143 204
401 674
975 679
695 706
303 522
859 807
36 427
967 329
580 897
702 552
889 288
952 636
362 622
290 987
731 1
449 960
617 879
823 151
546 31
408 841
676 80
96 607
329 523
541 801
895 273
247 317
338 494
737 558
159 947
305 578
969 602
363 699
460 791
36 248
299 924
818 451
60 843
787 27
720 609
681 677
704 558
290 441
218 619
190 537
597 622
283 207
284 367
130 976
106 434
555 715
677 447
839 828
223 865
592 649
439 602
490 944
280 518
229 935
262 202
424 659
590 900
218 532
656 932
378 954
71 353
60 963
105 297
335 572
661 376
543 199
873 414
422 309
663 304
85 666
125 453
74 971
336 61
167 577
78 579
935 13
297 758
922 49
503 26
208 620
592 49
73 287
389 600
300 142
114 509
7 217
255 974
949 509
270 698
181 230
874 106
293 363
582 578
507 126
465 734
234 838
816 894
713 14
146 142
161 842
579 736
535 957
803 732
792 753
948 936
461 302
513 151
850 67
129 154
118 356
367 335
457 855
225 164
605 608
169 715
339 257
440 376
194 617
808 756
11 339
898 865
263 416
397 941
203 93
638 1
237 546
829 875
124 173
262 109
152 147
801 109
605 516
430 122
126 919
465 504
137 630
114 333
180 324
538 606
963 908
390 138
516 688
237 495
566 540
118 178
567 240
971 1
105 854
250 141
134 744
693 787
686 720
329 210
310 176
709 964
340 862
609 109
165 64
126 56
689 470
637 858
856 943
185 166
262 3
98 669
183 243
323 336
650 707
368 730
563 194
346 451
697 636
492 790
746 201
508 32
329 90
969 728
752 922
904 376
62 106
259 699
291 153
634 588
724 954
40 840
766 764
894 882
123 6
145 807
129 260
917 567
115 171
388 377
247 630
988 369
797 712
738 701
247 654
975 204
909 555
611 509
324 158
326 305
94 275
193 275
42 604
926 478
384 953
747 611
946 816
864 404
249 619
344 406
507 1
856 645
110 784
67 152
158 345
686 574
830 403
360 892
575 721
583 672
234 372
60 829
961 775
964 709
743 927
53 548
24 395
328 815
464 887
567 385
865 744
887 459
209 336
592 944
917 278
929 134
485 708
602 870
23 112
98 817
309 186
311 204
729 763
841 530
576 590
676 22
313 963
843 586
455 159
576 203
415 512
790 44
654 516
326 907
393 159
637 209
871 265
764 373
67 235
272 2
932 681
963 473
541 323
464 687
622 437
26 900
979 150
14 298
973 321
996 771
27 742
74 966
159 613
172 622
112 409
663 735
599 247
791 993
653 862
747 815
938 42
361 985
425 19
828 322
911 510
464 15
534 432
908 904
270 671
340 789
664 565
951 978
624 906
148 383
862 484
289 298
996 523
903 367
373 128
650 127
876 299
921 135
696 801
770 291
349 799
134 76
953 401
191 698
988 256
379 691
823 919
208 215
407 607
378 140
399 702
576 607
692 653
22 631
991 129
20 439
852 784
83 617
616 926
44 194
397 41
931 939
793 320
530 570
944 624
651 880
419 24
458 481
188 53
909 779
401 900
915 740
95 670
161 835
590 41
252 154
223 846
610 819
341 898
136 817
405 648
572 982
28 804
890 758
246 392
136 706
675 604
302 732
129 512
407 906
469 404
835 595
371 576
335 982
74 101
121 17
891 683
367 932
993 47
746 127
438 811
721 533
333 976
578 151
428 529
179 737
773 679
461 1
862 597
538 54
453 697
36 164
508 852
837 921
7 765
400 207
907 478
928 194
674 957
686 351
473 709
765 674
920 953
729 495
723 168
31 930
72 708
866 402
645 945
892 966
470 564
456 686
93 286
873 495
949 340
913 727
8 167
277 832
303 683
219 416
570 293
42 650
837 973
495 918
552 35
126 970
267 350
775 868
137 421
134 495
770 637
597 704
170 891
168 928
983 69
381 988
183 881
978 349
922 469
888 413
290 157
379 166
128 416
194 846
88 162
720 347
397 346
494 728
344 648
430 372
760 230
580 573
430 361
620 22
324 493
93 846
615 485
33 865
289 323
350 488
615 374
139 8
710 769
399 311
195 34
221 811
802 142
344 479
843 644
236 915
391 495
543 22
180 37
107 105
263 500
73 198
294 777
271 519
454 662
704 168
134 388
927 925
272 442
816 936
652 325
524 666
867 476
698 763
770 483
986 767
148 362
495 643
439 111
197 940
923 125
473 847
366 518
4 553
423 265
657 384
783 116
327 961
470 682
16 354
351 220
592 133
892 556
203 276
415 175
554 971
252 247
196 304
250 100
946 805
853 91
908 714
510 803
785 695
807 554
929 493
620 397
600 657
376 892
221 547
999 891
523 747
585 706
325 483
187 792
371 320
65 303
912 502
592 251
113 952
136 728
4 29
830 362
647 785
410 898
894 136
492 706
997 557
651 249
223 806
966 847
102 297
533 763
230 20
494 665
198 660
434 902
903 648
369 492
328 986
121 721
523 740
93 863
273 619
933 734
205 162
325 912
920 309
252 977
946 20
467 269
266 161
156 881
667 8
204 651
732 769
379 385
169 989
652 190
586 956
998 365
130 754
781 579
128 551
371 341
931 272
442 510
524 910
719 552
846 584
811 165
535 701
351 21
187 53
616 770
915 332
671 749
601 458
389 344
788 883
20 498
738 127
967 56
895 377
453 675
293 48
918 388
451 468
655 782
477 201
624 550
355 935
29 854
548 918
901 1
831 625
255 360
408 611
630 757
841 652
630 384
27 224
321 509
781 529
583 135
457 880
634 719
938 441
546 859
256 83
30 108
303 462
143 623
213 889
733 349
651 458
501 186
160 985
585 294
610 350
987 286
451 460
472 423
313 75
225 520
511 652
486 823
841 474
664 711
24 960
880 159
711 498
634 969
120 222
388 987
106 692
151 38
593 530
859 350
296 596
561 177
46 315
439 7
499 165
474 58
772 226
488 984
994 392
382 56
764 162
173 494
747 519
821 438
997 887
238 860
335 937
812 139
551 808
907 560
556 435
242 617
419 178
675 247
987 50
533 799
844 70
492 637
424 979
632 226
702 825
321 928
580 411
175 100
873 395
0 0
