43079 64154
53588 39684
28277 219257
285373 109843
2451 12222
85517 5436
5778 7331
14216 13328
11633 41341
28245 2332
2778 149341
100147 123766
2839 72366
172202 108152
275 22068
35089 107904
42982 131523
45440 106459
280931 82651
84944 52856
51657 356186
130322 98213
25627 89886
208256 69355
85920 283889
205452 16683
195823 5035
161962 14256
21153 30181
127756 191324
1249 53520
26441 96995
51742 8234
175305 2674
155522 60119
103023 102817
31741 44517
22859 150350
36701 110528
61252 273629
48039 92938
40495 163998
143854 238869
21409 118673
16054 178745
73969 131105
189157 2257
4675 8070
208934 9877
80366 89027
57500 39347
32889 4703
191773 179684
46092 52641
8874 260072
58604 58164
18480 25955
49096 107762
17263 68862
78645 43425
126826 152031
40352 30862
60486 157724
111963 66267
44646 218767
206622 167198
165121 1356
121115 113046
68852 83764
5203 125443
269509 94200
224478 82713
148139 48931
47333 238933
511001 18162
362175 429950
71676 113960
176758 234534
64593 78667
59916 25530
15051 5655
30321 211252
47874 36748
18758 97797
71972 265106
63099 69455
169132 146772
147107 80966
150939 20256
15089 84485
233183 36707
20008 57013
42550 58077
135305 160212
35477 13906
261022 62365
114598 1456
88755 54793
41852 139186
165345 106090
103932 130200
71030 17262
64153 143776
38996 3638
137903 43561
106204 252591
88751 32828
300412 46297
25502 112678
249207 99033
69262 40061
85867 16611
1961 13084
39079 88309
233680 100334
65173 217606
14590 50712
18390 304154
82577 34744
97247 20697
70908 22213
99856 123488
124196 312317
75644 38087
13721 185843
250132 230965
159620 287824
87117 19322
47233 96107
134219 7306
151253 33332
243453 87050
34630 98064
140331 142864
69375 97592
62875 131693
80142 76786
149852 103769
121482 199638
267435 7972
70555 19300
270132 207481
280872 4960
93547 27514
42512 116751
99432 79784
25039 194236
60801 4875
170482 241483
102454 58497
158653 663629
140854 67830
99968 28238
5752 226220
487 73563
190829 65134
151035 58728
194903 138951
101623 7134
13866 96232
99617 83487
20251 296935
42751 279636
163981 19497
74724 165765
28171 375382
26221 60185
60017 121452
50955 50989
120185 122260
217814 189276
14906 74764
33109 11979
223072 7020
146721 85185
31396 16058
10609 233919
1187 50217
438293 38019
169722 48524
29952 38696
87003 10025
10215 42192
224063 70611
44742 92096
52560 22733
30639 20693
39984 216083
335590 77098
225508 140183
168853 101418
51901 21399
176735 26042
138629 95099
8460 57846
396042 36612
125157 28870
2199 37219
70802 31562
13966 115022
109424 115179
123889 46106
238961 21514
74763 133632
47016 38889
264732 331018
32775 19377
42025 151465
7928 9143
49144 40884
89063 77441
31596 69858
15845 79148
16988 487901
21210 42869
606910 78231
229995 116794
115229 146329
165746 30957
141011 15647
103606 17083
41699 2277
29216 125038
273863 117178
89792 82410
54939 238666
63300 171134
204366 135326
30345 13146
103170 44457
332776 38127
25738 51384
14864 102742
114997 41347
35285 71495
9805 556
74289 106443
4485 10853
473842 35250
76624 9236
90446 61344
49976 12872
25844 65291
56764 188543
45151 15455
35912 260828
12466 48515
90721 27951
129279 214480
221654 59705
60791 201145
75445 30908
387953 299960
113225 51071
1806 31117
115247 33241
97844 74824
11843 203718
402387 188405
17149 223922
21647 110123
73414 22490
168332 22257
89407 15944
26068 70
78601 3157
74469 241373
157869 68060
85375 173527
27830 260608
98561 52217
51473 61452
36516 66943
18798 142624
26026 100706
36941 205446
311826 187549
55792 128102
54599 23341
30257 8141
111965 54540
44388 6662
118350 105546
207133 275029
87563 55184
3788 106498
78832 179369
42563 181895
248039 14833
14676 62467
33264 41716
53751 17459
52229 19787
103492 162921
34355 184563
69145 5189
461024 239208
50000 49156
205419 61064
166628 256719
258652 50018
77888 57404
7201 70769
108621 150466
49417 29037
47722 54225
155017 197817
85890 68790
139250 46333
8131 94407
12108 113260
114370 77015
17170 12066
150466 52176
181340 26959
39911 13611
80564 97637
61654 52364
232435 235127
2136 65066
95123 99262
18924 175669
32271 196684
64289 179460
76485 42807
96249 28114
64101 25905
15972 31341
28672 272
4083 92622
157187 150634
31689 195518
76108 239946
48834 12256
12290 257114
140858 17240
132474 165991
90612 29010
256731 141626
5181 48970
119196 159671
201797 17322
27215 39029
98295 76794
204351 77864
173545 62401
38557 118630
99455 143123
199640 64943
127661 22755
50861 159200
41792 101452
411133 105084
56760 126115
379719 9684
116307 345771
16961 494362
26741 49611
222212 19375
130422 47655
18193 69478
178028 58143
215025 30314
41060 7817
175391 14340
100223 100497
62011 205642
3791 24527
428503 209275
277635 222221
1049 8507
531481 141019
90301 361029
174861 270329
78672 106445
176285 9341
179657 113221
47138 87048
100900 113409
47401 183115
172307 77225
68406 80993
71857 193490
132876 66662
8358 72407
2315 95806
9483 28186
35035 25191
120335 48836
17809 302632
27170 95644
16253 61585
168832 459270
41666 282829
36606 109045
68464 140006
67976 30066
233940 5632
15843 62589
150586 29494
83992 114653
330280 32134
44497 120374
329289 55721
158327 3949
18471 26333
107514 7760
55043 39924
272714 84228
45395 175331
24575 166407
5124 87032
46442 134860
348446 822
244139 214265
151681 275947
779 75447
55162 389469
246962 136128
358302 24799
5949 459085
2056 157839
80827 21044
81665 155774
141801 1665
62182 34158
249083 24895
25637 11088
15649 89484
681966 59859
256622 9112
66368 23491
17376 11486
101362 36371
69875 304954
99981 34507
2959 73947
99013 164749
121161 109024
44152 11339
84307 266490
12396 385341
151973 60157
188006 110949
53321 579741
105351 63997
43255 52045
120156 393493
90123 67531
48580 35486
137966 58799
68541 355898
245510 70517
26080 85715
24621 102756
40269 24207
14946 97653
9276 55999
13532 193700
56102 207159
199620 4445
135957 65352
53185 39918
3828 3545
18784 18708
21351 12647
60761 22888
202595 224286
68929 99559
68221 313425
196205 194532
35454 6168
89521 402898
84442 84748
181417 77914
5411 6278
203486 199889
18017 8481
29376 22752
178070 8164
125487 11402
9914 40025
34657 83654
29760 40745
82717 1123
68728 198130
61738 83861
8069 191804
30492 6602
16933 146251
52530 301701
180684 78400
44386 108312
84764 108325
67946 28663
126206 19515
138247 26292
12661 16308
118636 386989
101537 78201
11657 225423
31989 63309
79714 25165
4727 394356
949 73783
231431 30344
182067 168184
241140 112667
167058 72956
416588 481803
10574 201468
453291 17475
124647 214454
86899 145092
45052 40037
93374 174859
18837 155045
69685 309415
29773 115566
23788 61775
275861 113873
120663 23254
130571 122037
166275 11058
45558 12902
118795 121917
1705 42067
23620 221692
102755 55790
60341 203123
13133 128305
56498 279472
5517 32662
40376 20798
10593 17079
99809 322988
40836 36277
46490 137190
161674 51983
52227 216902
55660 41687
56401 106894
12273 33532
143141 115286
27828 92220
15488 13120
204602 149492
52809 171839
125347 16481
45875 43916
21382 154823
44651 16600
212238 139873
64885 317128
60001 74373
139622 222466
129452 69728
38094 123536
140577 245474
5137 111879
38270 27373
187913 35689
40595 503
103362 124074
98598 31277
187009 78003
16147 177956
18632 78307
35907 137867
85635 6417
72230 71877
239867 190208
149040 112230
501748 12020
200987 52562
1562 3336
19726 147888
188947 249234
33212 114518
10156 25271
24366 50392
653 8905
102610 5738
18266 14129
43616 19854
18449 310126
22762 536651
114697 104221
2801 77686
8914 289130
122902 453005
26155 189508
200723 101349
90091 94772
20127 39816
12348 308334
37541 7883
10665 124174
212690 104717
43587 3888
73238 61921
32215 106263
115295 209505
166859 17237
203634 315214
32642 24827
9111 33901
32350 24961
40967 16065
4630 109246
124485 164256
5370 31226
99303 63405
3409 11597
28100 106253
83927 71910
99826 125635
39560 175923
126779 171904
181299 37387
155123 3484
220782 127717
298192 163812
419076 135870
35357 14220
9887 260728
977 235839
232048 562938
16052 800470
302220 60152
34480 177778
494699 117933
63505 169306
7488 89701
94168 13778
29791 33460
127724 1978
120663 196423
102025 29891
107228 128031
124621 338393
86270 104406
106369 113117
111958 159440
37981 124769
85360 291638
5606 3570
49951 85222
67764 28698
114835 38350
3787 80375
186705 1947
62650 83200
159103 87874
147639 14450
11014 171409
102576 279371
47257 25650
95575 211703
40728 54405
106914 31840
18090 47224
43597 47960
2204 274436
481234 112499
100526 22853
89870 184
62870 171526
25478 57938
113015 178311
89780 169783
75459 18031
79421 96148
33586 1461
13307 172440
94225 78285
130459 42518
154212 37306
12964 81056
5351 284171
61504 83263
123118 112424
63904 287013
127249 81859
12441 8422
45432 81390
177369 75918
131627 799
30887 92477
151281 53473
39978 48771
27338 80569
6484 204510
88979 26073
18927 161399
116870 38609
61160 87364
98212 84827
56939 87300
133052 13524
351330 82229
280791 5141
52986 455919
177787 5992
1705 26403
38487 73042
141245 48896
8856 14533
305551 62603
994 118679
58556 168664
20974 31985
21849 16967
7291 36663
87201 315871
176544 33933
270036 60430
4582 399800
216574 23477
42024 21598
91846 58500
50161 71954
40497 6843
27242 13375
30671 277338
29106 37407
363572 148962
453287 100106
104679 97977
172133 196998
94867 146308
50893 63482
12055 176611
21020 240336
110065 28086
58691 24263
200685 50992
77855 156356
32257 51852
63201 16590
48974 82431
34770 51910
17656 79754
105400 273155
76952 33960
41460 57576
57932 22463
338588 64959
100545 130180
104507 156077
47527 64977
98121 18119
36148 105769
10278 146153
240223 31442
16803 72476
108290 66008
11361 153916
6939 16887
130582 154882
78944 17239
12194 70371
69165 4841
185170 9947
12708 134035
36533 90248
43286 46141
87565 65422
1326 77657
186975 162483
47849 86955
137350 66241
19150 83548
92620 105592
119385 43211
1168 13887
23476 137197
114459 197046
32556 95043
375 10929
401121 3771
131420 293449
97445 46133
114666 85925
770452 456527
219996 316965
136863 26790
1115 136748
13198 38008
134157 125240
79887 76982
298312 46802
56609 142256
115583 101478
1598 103164
903 5011
92694 159816
13106 73909
5549 93489
7901 7352
58665 31516
76079 92433
200220 47277
18944 87193
156892 142465
92771 88769
78794 19670
435666 47744
6887 120563
80978 54865
131497 117474
29970 13793
45804 328460
37211 36746
13579 38644
36710 65959
75832 6221
10609 126846
71842 25776
441869 87237
11846 34294
163090 1163
18237 152004
247635 18329
39206 61367
19578 11092
83625 79193
147651 175866
172457 98719
29107 377597
14262 190441
96503 86377
212110 36105
142889 25707
293137 40046
2153 59178
184813 598
54664 5855
42761 240022
33352 152143
32053 16463
73422 95745
296373 74429
155295 48979
101917 74912
328486 94485
5651 11430
53716 145509
225655 113351
66092 65746
59625 84118
213215 99577
44031 23441
61052 54336
74043 3696
99356 116495
162121 64482
147634 182810
51744 20494
121668 284048
233461 45389
92917 33891
126948 246180
43555 44438
31975 72649
158421 52687
50495 125758
15251 133690
89195 96722
503571 79912
44854 309665
205701 48914
45608 391326
185406 49530
36510 237725
20792 8572
28919 147816
10795 157412
95495 120274
18120 299186
39043 17638
43352 636160
126358 372790
30552 2009
16704 86801
62676 20623
17861 1924
55405 102305
228791 26521
45344 27549
194812 17760
61430 116418
14992 69803
34399 191153
101591 49747
20418 64665
8659 73330
129105 22054
196184 7122
269591 91353
176614 109300
181994 21510
41477 27367
34196 235845
15300 210768
37274 23463
174521 118779
50591 71893
134521 8682
75084 19686
30730 64144
235142 71825
61853 24344
95649 31680
326948 338111
163491 92532
41172 172119
211289 40763
6825 26541
78517 36687
1176 91390
228516 70671
26666 2390
52695 70719
143607 26323
28668 52664
9404 104248
84631 16635
231515 276629
53741 92926
287262 55581
50012 114967
48165 234818
437593 41874
312503 127530
57413 23558
84159 27146
6911 134755
73063 44115
160355 163756
38776 55998
2209 204871
633 25699
3505 15360
182182 14442
22746 290852
33570 203348
9335 505867
82265 40823
113456 28944
186538 21864
70428 340
115691 189670
104485 23018
93224 307891
30090 3360
50382 93836
30408 38943
23737 203879
184115 65893
374751 12014
184490 44917
65661 33938
118886 83040
61405 78812
150079 39521
53005 275
76870 135969
75465 60928
33455 24549
165505 133033
17957 19826
19712 53324
40637 41126
235333 2447
41664 7013
116549 9226
168912 17262
19582 96177
35691 15003
31429 13221
7495 147826
5942 31570
35510 121366
102636 24878
25813 188509
93889 125380
83775 169552
21857 14040
78069 202909
37602 38982
36556 134266
77251 8689
44631 56653
191323 60533
48557 133959
72600 6474
16528 13416
85305 949
53361 7254
0 0
