0 43079 / 64154
1 13904 / 39684
0 28277 / 219257
2 65687 / 109843
0 2451 / 12222
15 3977 / 5436
0 5778 / 7331
1 888 / 13328
0 11633 / 41341
12 261 / 2332
0 2778 / 149341
0 100147 / 123766
0 2839 / 72366
1 64050 / 108152
0 275 / 22068
0 35089 / 107904
0 42982 / 131523
0 45440 / 106459
3 32978 / 82651
1 32088 / 52856
0 51657 / 356186
1 32109 / 98213
0 25627 / 89886
3 191 / 69355
0 85920 / 283889
12 5256 / 16683
38 4493 / 5035
11 5146 / 14256
0 21153 / 30181
0 127756 / 191324
0 1249 / 53520
0 26441 / 96995
6 2338 / 8234
65 1495 / 2674
2 35284 / 60119
1 206 / 102817
0 31741 / 44517
0 22859 / 150350
0 36701 / 110528
0 61252 / 273629
0 48039 / 92938
0 40495 / 163998
0 143854 / 238869
0 21409 / 118673
0 16054 / 178745
0 73969 / 131105
83 1826 / 2257
0 4675 / 8070
21 1517 / 9877
0 80366 / 89027
1 18153 / 39347
6 4671 / 4703
1 12089 / 179684
0 46092 / 52641
0 8874 / 260072
1 440 / 58164
0 18480 / 25955
0 49096 / 107762
0 17263 / 68862
1 35220 / 43425
0 126826 / 152031
1 9490 / 30862
0 60486 / 157724
1 45696 / 66267
0 44646 / 218767
1 39424 / 167198
121 1045 / 1356
1 8069 / 113046
0 68852 / 83764
0 5203 / 125443
2 81109 / 94200
2 59052 / 82713
3 1346 / 48931
0 47333 / 238933
28 2465 / 18162
0 362175 / 429950
0 71676 / 113960
0 176758 / 234534
0 64593 / 78667
2 8856 / 25530
2 3741 / 5655
0 30321 / 211252
1 11126 / 36748
0 18758 / 97797
0 71972 / 265106
0 63099 / 69455
1 22360 / 146772
1 66141 / 80966
7 9147 / 20256
0 15089 / 84485
6 12941 / 36707
0 20008 / 57013
0 42550 / 58077
0 135305 / 160212
2 7665 / 13906
4 11562 / 62365
78 1030 / 1456
1 33962 / 54793
0 41852 / 139186
1 59255 / 106090
0 103932 / 130200
4 1982 / 17262
0 64153 / 143776
10 2616 / 3638
3 7220 / 43561
0 106204 / 252591
2 23095 / 32828
6 22630 / 46297
0 25502 / 112678
2 51141 / 99033
1 29201 / 40061
5 2812 / 16611
0 1961 / 13084
0 39079 / 88309
2 33012 / 100334
0 65173 / 217606
0 14590 / 50712
0 18390 / 304154
2 13089 / 34744
4 14459 / 20697
3 4269 / 22213
0 99856 / 123488
0 124196 / 312317
1 37557 / 38087
0 13721 / 185843
1 19167 / 230965
0 159620 / 287824
4 9829 / 19322
0 47233 / 96107
18 2711 / 7306
4 17925 / 33332
2 69353 / 87050
0 34630 / 98064
0 140331 / 142864
0 69375 / 97592
0 62875 / 131693
1 3356 / 76786
1 46083 / 103769
0 121482 / 199638
33 4359 / 7972
3 12655 / 19300
1 62651 / 207481
56 3112 / 4960
3 11005 / 27514
0 42512 / 116751
1 19648 / 79784
0 25039 / 194236
12 2301 / 4875
0 170482 / 241483
1 43957 / 58497
0 158653 / 663629
2 5194 / 67830
3 15254 / 28238
0 5752 / 226220
0 487 / 73563
2 60561 / 65134
2 33579 / 58728
1 55952 / 138951
14 1747 / 7134
0 13866 / 96232
1 16130 / 83487
0 20251 / 296935
0 42751 / 279636
8 8005 / 19497
0 74724 / 165765
0 28171 / 375382
0 26221 / 60185
0 60017 / 121452
0 50955 / 50989
0 120185 / 122260
1 28538 / 189276
0 14906 / 74764
2 9151 / 11979
31 5452 / 7020
1 61536 / 85185
1 15338 / 16058
0 10609 / 233919
0 1187 / 50217
11 20084 / 38019
3 24150 / 48524
0 29952 / 38696
8 6803 / 10025
0 10215 / 42192
3 12230 / 70611
0 44742 / 92096
2 7094 / 22733
1 9946 / 20693
0 39984 / 216083
4 27198 / 77098
1 85325 / 140183
1 67435 / 101418
2 9103 / 21399
6 20483 / 26042
1 43530 / 95099
0 8460 / 57846
10 29922 / 36612
4 9677 / 28870
0 2199 / 37219
2 7678 / 31562
0 13966 / 115022
0 109424 / 115179
2 31677 / 46106
11 2307 / 21514
0 74763 / 133632
1 8127 / 38889
0 264732 / 331018
1 13398 / 19377
0 42025 / 151465
0 7928 / 9143
1 8260 / 40884
1 11622 / 77441
0 31596 / 69858
0 15845 / 79148
0 16988 / 487901
0 21210 / 42869
7 59293 / 78231
1 113201 / 116794
0 115229 / 146329
5 10961 / 30957
9 188 / 15647
6 1108 / 17083
18 713 / 2277
0 29216 / 125038
2 39507 / 117178
1 7382 / 82410
0 54939 / 238666
0 63300 / 171134
1 69040 / 135326
2 4053 / 13146
2 14256 / 44457
8 27760 / 38127
0 25738 / 51384
0 14864 / 102742
2 32303 / 41347
0 35285 / 71495
17 353 / 556
0 74289 / 106443
0 4485 / 10853
13 15592 / 35250
8 2736 / 9236
1 29102 / 61344
3 11360 / 12872
0 25844 / 65291
0 56764 / 188543
2 14241 / 15455
0 35912 / 260828
0 12466 / 48515
3 6868 / 27951
0 129279 / 214480
3 42539 / 59705
0 60791 / 201145
2 13629 / 30908
1 87993 / 299960
2 11083 / 51071
0 1806 / 31117
3 15524 / 33241
1 23020 / 74824
0 11843 / 203718
2 25577 / 188405
0 17149 / 223922
0 21647 / 110123
3 5944 / 22490
7 12533 / 22257
5 9687 / 15944
372 28 / 70
24 2833 / 3157
0 74469 / 241373
2 21749 / 68060
0 85375 / 173527
0 27830 / 260608
1 46344 / 52217
0 51473 / 61452
0 36516 / 66943
0 18798 / 142624
0 26026 / 100706
0 36941 / 205446
1 124277 / 187549
0 55792 / 128102
2 7917 / 23341
3 5834 / 8141
2 2885 / 54540
6 4416 / 6662
1 12804 / 105546
0 207133 / 275029
1 32379 / 55184
0 3788 / 106498
0 78832 / 179369
0 42563 / 181895
16 10711 / 14833
0 14676 / 62467
0 33264 / 41716
3 1374 / 17459
2 12655 / 19787
0 103492 / 162921
0 34355 / 184563
13 1688 / 5189
1 221816 / 239208
1 844 / 49156
3 22227 / 61064
0 166628 / 256719
5 8562 / 50018
1 20484 / 57404
0 7201 / 70769
0 108621 / 150466
1 20380 / 29037
0 47722 / 54225
0 155017 / 197817
1 17100 / 68790
3 251 / 46333
0 8131 / 94407
0 12108 / 113260
1 37355 / 77015
1 5104 / 12066
2 46114 / 52176
6 19586 / 26959
2 12689 / 13611
0 80564 / 97637
1 9290 / 52364
0 232435 / 235127
0 2136 / 65066
0 95123 / 99262
0 18924 / 175669
0 32271 / 196684
0 64289 / 179460
1 33678 / 42807
3 11907 / 28114
2 12291 / 25905
0 15972 / 31341
105 112 / 272
0 4083 / 92622
1 6553 / 150634
0 31689 / 195518
0 76108 / 239946
3 12066 / 12256
0 12290 / 257114
8 2938 / 17240
0 132474 / 165991
3 3582 / 29010
1 115105 / 141626
0 5181 / 48970
0 119196 / 159671
11 11255 / 17322
0 27215 / 39029
1 21501 / 76794
2 48623 / 77864
2 48743 / 62401
0 38557 / 118630
0 99455 / 143123
3 4811 / 64943
5 13886 / 22755
0 50861 / 159200
0 41792 / 101452
3 95881 / 105084
0 56760 / 126115
39 2043 / 9684
0 116307 / 345771
0 16961 / 494362
0 26741 / 49611
11 9087 / 19375
2 35112 / 47655
0 18193 / 69478
3 3599 / 58143
7 2827 / 30314
5 1975 / 7817
12 3311 / 14340
0 100223 / 100497
0 62011 / 205642
0 3791 / 24527
2 9953 / 209275
1 55414 / 222221
0 1049 / 8507
3 108424 / 141019
0 90301 / 361029
0 174861 / 270329
0 78672 / 106445
18 8147 / 9341
1 66436 / 113221
0 47138 / 87048
0 100900 / 113409
0 47401 / 183115
2 17857 / 77225
0 68406 / 80993
0 71857 / 193490
1 66214 / 66662
0 8358 / 72407
0 2315 / 95806
0 9483 / 28186
1 9844 / 25191
2 22663 / 48836
0 17809 / 302632
0 27170 / 95644
0 16253 / 61585
0 168832 / 459270
0 41666 / 282829
0 36606 / 109045
0 68464 / 140006
2 7844 / 30066
41 3028 / 5632
0 15843 / 62589
5 3116 / 29494
0 83992 / 114653
10 8940 / 32134
0 44497 / 120374
5 50684 / 55721
40 367 / 3949
0 18471 / 26333
13 6634 / 7760
1 15119 / 39924
3 20030 / 84228
0 45395 / 175331
0 24575 / 166407
0 5124 / 87032
0 46442 / 134860
423 740 / 822
1 29874 / 214265
0 151681 / 275947
0 779 / 75447
0 55162 / 389469
1 110834 / 136128
14 11116 / 24799
0 5949 / 459085
0 2056 / 157839
3 17695 / 21044
0 81665 / 155774
85 276 / 1665
1 28024 / 34158
10 133 / 24895
2 3461 / 11088
0 15649 / 89484
11 23517 / 59859
28 1486 / 9112
2 19386 / 23491
1 5890 / 11486
2 28620 / 36371
0 69875 / 304954
2 30967 / 34507
0 2959 / 73947
0 99013 / 164749
1 12137 / 109024
3 10135 / 11339
0 84307 / 266490
0 12396 / 385341
2 31659 / 60157
1 77057 / 110949
0 53321 / 579741
1 41354 / 63997
0 43255 / 52045
0 120156 / 393493
1 22592 / 67531
1 13094 / 35486
2 20368 / 58799
0 68541 / 355898
3 33959 / 70517
0 26080 / 85715
0 24621 / 102756
1 16062 / 24207
0 14946 / 97653
0 9276 / 55999
0 13532 / 193700
0 56102 / 207159
44 4040 / 4445
2 5253 / 65352
1 13267 / 39918
1 283 / 3545
1 76 / 18708
1 8704 / 12647
2 14985 / 22888
0 202595 / 224286
0 68929 / 99559
0 68221 / 313425
1 1673 / 194532
5 4614 / 6168
0 89521 / 402898
0 84442 / 84748
2 25589 / 77914
0 5411 / 6278
1 3597 / 199889
2 1055 / 8481
1 6624 / 22752
21 6626 / 8164
11 65 / 11402
0 9914 / 40025
0 34657 / 83654
0 29760 / 40745
73 738 / 1123
0 68728 / 198130
0 61738 / 83861
0 8069 / 191804
4 4084 / 6602
0 16933 / 146251
0 52530 / 301701
2 23884 / 78400
0 44386 / 108312
0 84764 / 108325
2 10620 / 28663
6 9116 / 19515
5 6787 / 26292
0 12661 / 16308
0 118636 / 386989
1 23336 / 78201
0 11657 / 225423
0 31989 / 63309
3 4219 / 25165
0 4727 / 394356
0 949 / 73783
7 19023 / 30344
1 13883 / 168184
2 15806 / 112667
2 21146 / 72956
0 416588 / 481803
0 10574 / 201468
25 16416 / 17475
0 124647 / 214454
0 86899 / 145092
1 5015 / 40037
0 93374 / 174859
0 18837 / 155045
0 69685 / 309415
0 29773 / 115566
0 23788 / 61775
2 48115 / 113873
5 4393 / 23254
1 8534 / 122037
15 405 / 11058
3 6852 / 12902
0 118795 / 121917
0 1705 / 42067
0 23620 / 221692
1 46965 / 55790
0 60341 / 203123
0 13133 / 128305
0 56498 / 279472
0 5517 / 32662
1 19578 / 20798
0 10593 / 17079
0 99809 / 322988
1 4559 / 36277
0 46490 / 137190
3 5725 / 51983
0 52227 / 216902
1 13973 / 41687
0 56401 / 106894
0 12273 / 33532
1 27855 / 115286
0 27828 / 92220
1 2368 / 13120
1 55110 / 149492
0 52809 / 171839
7 9980 / 16481
1 1959 / 43916
0 21382 / 154823
2 11451 / 16600
1 72365 / 139873
0 64885 / 317128
0 60001 / 74373
0 139622 / 222466
1 59724 / 69728
0 38094 / 123536
0 140577 / 245474
0 5137 / 111879
1 10897 / 27373
5 9468 / 35689
80 355 / 503
0 103362 / 124074
3 4767 / 31277
2 31003 / 78003
0 16147 / 177956
0 18632 / 78307
0 35907 / 137867
13 2214 / 6417
1 353 / 71877
1 49659 / 190208
1 36810 / 112230
41 8928 / 12020
3 43301 / 52562
0 1562 / 3336
0 19726 / 147888
0 188947 / 249234
0 33212 / 114518
0 10156 / 25271
0 24366 / 50392
0 653 / 8905
17 5064 / 5738
1 4137 / 14129
2 3908 / 19854
0 18449 / 310126
0 22762 / 536651
1 10476 / 104221
0 2801 / 77686
0 8914 / 289130
0 122902 / 453005
0 26155 / 189508
1 99374 / 101349
0 90091 / 94772
0 20127 / 39816
0 12348 / 308334
4 6009 / 7883
0 10665 / 124174
2 3256 / 104717
11 819 / 3888
1 11317 / 61921
0 32215 / 106263
0 115295 / 209505
9 11726 / 17237
0 203634 / 315214
1 7815 / 24827
0 9111 / 33901
1 7389 / 24961
2 8837 / 16065
0 4630 / 109246
0 124485 / 164256
0 5370 / 31226
1 35898 / 63405
0 3409 / 11597
0 28100 / 106253
1 12017 / 71910
0 99826 / 125635
0 39560 / 175923
0 126779 / 171904
4 31751 / 37387
44 1827 / 3484
1 93065 / 127717
1 134380 / 163812
3 11466 / 135870
2 6917 / 14220
0 9887 / 260728
0 977 / 235839
0 232048 / 562938
0 16052 / 800470
5 1460 / 60152
0 34480 / 177778
4 22967 / 117933
0 63505 / 169306
0 7488 / 89701
6 11500 / 13778
0 29791 / 33460
64 1132 / 1978
0 120663 / 196423
3 12352 / 29891
0 107228 / 128031
0 124621 / 338393
0 86270 / 104406
0 106369 / 113117
0 111958 / 159440
0 37981 / 124769
0 85360 / 291638
1 2036 / 3570
0 49951 / 85222
2 10368 / 28698
2 38135 / 38350
0 3787 / 80375
95 1740 / 1947
0 62650 / 83200
1 71229 / 87874
10 3139 / 14450
0 11014 / 171409
0 102576 / 279371
1 21607 / 25650
0 95575 / 211703
0 40728 / 54405
3 11394 / 31840
0 18090 / 47224
0 43597 / 47960
0 2204 / 274436
4 31238 / 112499
4 9114 / 22853
488 78 / 184
0 62870 / 171526
0 25478 / 57938
0 113015 / 178311
0 89780 / 169783
4 3335 / 18031
0 79421 / 96148
22 1444 / 1461
0 13307 / 172440
1 15940 / 78285
3 2905 / 42518
4 4988 / 37306
0 12964 / 81056
0 5351 / 284171
0 61504 / 83263
1 10694 / 112424
0 63904 / 287013
1 45390 / 81859
1 4019 / 8422
0 45432 / 81390
2 25533 / 75918
164 591 / 799
0 30887 / 92477
2 44335 / 53473
0 39978 / 48771
0 27338 / 80569
0 6484 / 204510
3 10760 / 26073
0 18927 / 161399
3 1043 / 38609
0 61160 / 87364
1 13385 / 84827
0 56939 / 87300
9 11336 / 13524
4 22414 / 82229
54 3177 / 5141
0 52986 / 455919
29 4019 / 5992
0 1705 / 26403
0 38487 / 73042
2 43453 / 48896
0 8856 / 14533
4 55139 / 62603
0 994 / 118679
0 58556 / 168664
0 20974 / 31985
1 4882 / 16967
0 7291 / 36663
0 87201 / 315871
5 6879 / 33933
4 28316 / 60430
0 4582 / 399800
9 5281 / 23477
1 20426 / 21598
1 33346 / 58500
0 50161 / 71954
5 6282 / 6843
2 492 / 13375
0 30671 / 277338
0 29106 / 37407
2 65648 / 148962
4 52863 / 100106
1 6702 / 97977
0 172133 / 196998
0 94867 / 146308
0 50893 / 63482
0 12055 / 176611
0 21020 / 240336
3 25807 / 28086
2 10165 / 24263
3 47709 / 50992
0 77855 / 156356
0 32257 / 51852
3 13431 / 16590
0 48974 / 82431
0 34770 / 51910
0 17656 / 79754
0 105400 / 273155
2 9032 / 33960
0 41460 / 57576
2 13006 / 22463
5 13793 / 64959
0 100545 / 130180
0 104507 / 156077
0 47527 / 64977
5 7526 / 18119
0 36148 / 105769
0 10278 / 146153
7 20129 / 31442
0 16803 / 72476
1 42282 / 66008
0 11361 / 153916
0 6939 / 16887
0 130582 / 154882
4 9988 / 17239
0 12194 / 70371
14 1391 / 4841
18 6124 / 9947
0 12708 / 134035
0 36533 / 90248
0 43286 / 46141
1 22143 / 65422
0 1326 / 77657
1 24492 / 162483
0 47849 / 86955
2 4868 / 66241
0 19150 / 83548
0 92620 / 105592
2 32963 / 43211
0 1168 / 13887
0 23476 / 137197
0 114459 / 197046
0 32556 / 95043
0 375 / 10929
106 1395 / 3771
0 131420 / 293449
2 5179 / 46133
1 28741 / 85925
1 313925 / 456527
0 219996 / 316965
5 2913 / 26790
0 1115 / 136748
0 13198 / 38008
1 8917 / 125240
1 2905 / 76982
6 17500 / 46802
0 56609 / 142256
1 14105 / 101478
0 1598 / 103164
0 903 / 5011
0 92694 / 159816
0 13106 / 73909
0 5549 / 93489
1 549 / 7352
1 27149 / 31516
0 76079 / 92433
4 11112 / 47277
0 18944 / 87193
1 14427 / 142465
1 4002 / 88769
4 114 / 19670
9 5970 / 47744
0 6887 / 120563
1 26113 / 54865
1 14023 / 117474
2 2384 / 13793
0 45804 / 328460
1 465 / 36746
0 13579 / 38644
0 36710 / 65959
12 1180 / 6221
0 10609 / 126846
2 20290 / 25776
5 5684 / 87237
0 11846 / 34294
140 270 / 1163
0 18237 / 152004
13 9358 / 18329
0 39206 / 61367
1 8486 / 11092
1 4432 / 79193
0 147651 / 175866
1 73738 / 98719
0 29107 / 377597
0 14262 / 190441
1 10126 / 86377
5 31585 / 36105
5 14354 / 25707
7 12815 / 40046
0 2153 / 59178
309 31 / 598
9 1969 / 5855
0 42761 / 240022
0 33352 / 152143
1 15590 / 16463
0 73422 / 95745
3 73086 / 74429
3 8358 / 48979
1 27005 / 74912
3 45031 / 94485
0 5651 / 11430
0 53716 / 145509
1 112304 / 113351
1 346 / 65746
0 59625 / 84118
2 14061 / 99577
1 20590 / 23441
1 6716 / 54336
20 123 / 3696
0 99356 / 116495
2 33157 / 64482
0 147634 / 182810
2 10756 / 20494
0 121668 / 284048
5 6516 / 45389
2 25135 / 33891
0 126948 / 246180
0 43555 / 44438
0 31975 / 72649
3 360 / 52687
0 50495 / 125758
0 15251 / 133690
0 89195 / 96722
6 24099 / 79912
0 44854 / 309665
4 10045 / 48914
0 45608 / 391326
3 36816 / 49530
0 36510 / 237725
2 3648 / 8572
0 28919 / 147816
0 10795 / 157412
0 95495 / 120274
0 18120 / 299186
2 3767 / 17638
0 43352 / 636160
0 126358 / 372790
15 417 / 2009
0 16704 / 86801
3 807 / 20623
9 545 / 1924
0 55405 / 102305
8 16623 / 26521
1 17795 / 27549
10 17212 / 17760
0 61430 / 116418
0 14992 / 69803
0 34399 / 191153
2 2097 / 49747
0 20418 / 64665
0 8659 / 73330
5 18835 / 22054
27 3890 / 7122
2 86885 / 91353
1 67314 / 109300
8 9914 / 21510
1 14110 / 27367
0 34196 / 235845
0 15300 / 210768
1 13811 / 23463
1 55742 / 118779
0 50591 / 71893
15 4291 / 8682
3 16026 / 19686
0 30730 / 64144
3 19667 / 71825
2 13165 / 24344
3 609 / 31680
0 326948 / 338111
1 70959 / 92532
0 41172 / 172119
5 7474 / 40763
0 6825 / 26541
2 5143 / 36687
0 1176 / 91390
3 16503 / 70671
11 376 / 2390
0 52695 / 70719
5 11992 / 26323
0 28668 / 52664
0 9404 / 104248
5 1456 / 16635
0 231515 / 276629
0 53741 / 92926
5 9357 / 55581
0 50012 / 114967
0 48165 / 234818
10 18853 / 41874
2 57443 / 127530
2 10297 / 23558
3 2721 / 27146
0 6911 / 134755
1 28948 / 44115
0 160355 / 163756
0 38776 / 55998
0 2209 / 204871
0 633 / 25699
0 3505 / 15360
12 8878 / 14442
0 22746 / 290852
0 33570 / 203348
0 9335 / 505867
2 619 / 40823
3 26624 / 28944
8 11626 / 21864
207 48 / 340
0 115691 / 189670
4 12413 / 23018
0 93224 / 307891
8 3210 / 3360
0 50382 / 93836
0 30408 / 38943
0 23737 / 203879
2 52329 / 65893
31 2317 / 12014
4 4822 / 44917
1 31723 / 33938
1 35846 / 83040
0 61405 / 78812
3 31516 / 39521
192 205 / 275
0 76870 / 135969
1 14537 / 60928
1 8906 / 24549
1 32472 / 133033
0 17957 / 19826
0 19712 / 53324
0 40637 / 41126
96 421 / 2447
5 6599 / 7013
12 5837 / 9226
9 13554 / 17262
0 19582 / 96177
2 5685 / 15003
2 4987 / 13221
0 7495 / 147826
0 5942 / 31570
0 35510 / 121366
4 3124 / 24878
0 25813 / 188509
0 93889 / 125380
0 83775 / 169552
1 7817 / 14040
0 78069 / 202909
0 37602 / 38982
0 36556 / 134266
8 7739 / 8689
0 44631 / 56653
3 9724 / 60533
0 48557 / 133959
11 1386 / 6474
1 3112 / 13416
89 844 / 949
7 2583 / 7254
