0 237 / 911
5 12 / 147
0 491 / 545
11 53 / 57
0 782 / 808
0 147 / 776
0 118 / 549
1 79 / 339
0 756 / 897
1 338 / 600
6 5 / 88
0 96 / 307
1 51 / 342
1 9 / 550
1 72 / 770
0 61 / 950
2 92 / 322
0 273 / 505
17 40 / 55
0 335 / 985
0 281 / 421
0 44 / 613
1 6 / 989
0 164 / 685
2 67 / 274
2 76 / 433
24 3 / 29
1 223 / 503
0 188 / 754
0 234 / 668
0 591 / 904
1 226 / 357
2 80 / 220
1 328 / 434
1 408 / 505
0 305 / 355
32 26 / 27
2 12 / 105
0 226 / 432
54 4 / 13
76 1 / 8
0 498 / 568
0 104 / 322
0 785 / 997
0 35 / 767
0 496 / 761
0 229 / 500
2 78 / 382
0 201 / 367
6 98 / 103
19 23 / 35
2 103 / 364
0 72 / 381
1 39 / 55
0 53 / 897
0 269 / 348
0 90 / 939
8 8 / 121
27 23 / 33
1 257 / 724
0 239 / 581
0 159 / 471
0 147 / 855
1 239 / 420
0 3 / 80
3 113 / 118
5 18 / 40
2 178 / 392
0 428 / 929
0 195 / 553
0 780 / 817
1 21 / 651
0 258 / 987
2 198 / 252
1 181 / 364
13 31 / 73
0 229 / 680
1 218 / 247
0 172 / 290
1 393 / 541
1 64 / 807
0 543 / 806
2 113 / 390
2 37 / 298
0 242 / 349
0 466 / 708
7 49 / 79
1 2 / 25
1 425 / 565
0 183 / 483
0 31 / 612
0 34 / 251
0 73 / 728
1 78 / 322
0 158 / 496
0 324 / 390
0 411 / 600
5 73 / 123
1 316 / 635
1 174 / 689
2 21 / 447
3 37 / 69
0 224 / 429
3 2 / 302
2 69 / 453
0 289 / 365
0 178 / 441
7 20 / 48
0 371 / 593
0 81 / 659
0 110 / 554
1 103 / 614
2 136 / 168
54 6 / 9
0 744 / 835
1 157 / 266
2 135 / 363
0 173 / 444
0 868 / 947
5 45 / 176
0 224 / 616
0 490 / 740
1 238 / 287
0 293 / 450
0 108 / 130
0 749 / 952
0 609 / 846
1 15 / 203
0 392 / 432
0 278 / 523
0 458 / 679
13 31 / 61
1 190 / 759
1 249 / 676
0 654 / 692
0 317 / 790
4 23 / 113
0 77 / 754
19 31 / 41
0 75 / 860
0 94 / 314
28 1 / 6
0 92 / 772
0 484 / 830
1 110 / 816
4 155 / 183
1 20 / 966
1 296 / 595
0 898 / 995
0 135 / 621
3 20 / 301
1 33 / 611
0 173 / 359
3 180 / 272
2 37 / 90
0 201 / 918
91 6 / 9
0 400 / 944
1 225 / 567
0 34 / 556
7 57 / 79
0 513 / 575
1 190 / 767
1 447 / 514
1 112 / 725
1 150 / 379
0 31 / 50
0 42 / 590
0 532 / 558
0 763 / 868
2 102 / 187
0 216 / 628
0 656 / 737
0 79 / 386
1 74 / 335
1 74 / 675
0 552 / 981
0 81 / 617
0 137 / 303
1 193 / 610
0 256 / 732
1 49 / 585
0 183 / 255
2 124 / 260
0 531 / 878
0 125 / 301
0 55 / 660
2 67 / 433
2 124 / 285
0 753 / 785
1 299 / 612
332 1 / 2
12 27 / 60
0 60 / 469
15 20 / 32
0 330 / 335
0 590 / 815
1 133 / 450
0 315 / 411
0 248 / 498
9 6 / 58
1 274 / 499
0 229 / 601
0 30 / 762
1 50 / 90
1 255 / 298
1 197 / 510
0 97 / 367
0 712 / 925
0 195 / 928
3 97 / 297
0 99 / 656
1 46 / 565
0 258 / 939
2 314 / 321
1 62 / 858
0 187 / 890
13 2 / 76
0 108 / 896
0 586 / 846
0 286 / 331
2 135 / 287
1 151 / 493
1 88 / 341
0 544 / 624
0 111 / 517
2 53 / 133
0 685 / 924
0 856 / 963
1 136 / 378
0 98 / 666
0 399 / 820
0 615 / 820
1 177 / 485
0 478 / 849
1 193 / 752
1 36 / 566
1 202 / 794
2 66 / 403
0 698 / 963
0 430 / 661
0 246 / 681
2 180 / 391
0 621 / 792
0 59 / 925
4 99 / 219
0 332 / 454
1 93 / 714
0 295 / 952
0 630 / 787
0 234 / 372
1 101 / 272
0 226 / 467
1 28 / 162
1 401 / 517
0 444 / 478
0 41 / 399
0 135 / 429
0 17 / 867
0 199 / 661
0 169 / 1000
0 524 / 791
4 110 / 207
0 2 / 896
0 297 / 525
1 248 / 344
0 708 / 753
0 302 / 859
0 81 / 857
0 54 / 64
1 191 / 394
0 62 / 777
0 43 / 128
0 599 / 848
8 32 / 64
1 228 / 686
0 113 / 714
0 526 / 706
1 95 / 711
0 267 / 800
0 216 / 454
3 128 / 163
3 90 / 275
3 92 / 280
5 92 / 109
0 349 / 787
1 31 / 803
1 87 / 138
24 12 / 33
0 500 / 820
0 240 / 412
0 157 / 265
1 14 / 595
2 13 / 319
2 310 / 317
0 823 / 825
0 87 / 182
0 442 / 647
2 26 / 305
0 502 / 671
0 416 / 850
1 124 / 721
2 21 / 182
0 710 / 824
0 587 / 964
0 458 / 764
0 109 / 303
1 286 / 366
0 274 / 985
0 601 / 952
0 165 / 952
0 105 / 627
0 100 / 966
1 2 / 264
1 139 / 481
0 133 / 729
1 237 / 638
4 67 / 191
0 249 / 775
1 187 / 608
21 38 / 45
0 143 / 204
0 401 / 674
1 296 / 679
0 695 / 706
0 303 / 522
1 52 / 807
0 36 / 427
2 309 / 329
0 580 / 897
1 150 / 552
3 25 / 288
1 316 / 636
0 362 / 622
0 290 / 987
731 0 / 1
0 449 / 960
0 617 / 879
5 68 / 151
17 19 / 31
0 408 / 841
8 36 / 80
0 96 / 607
0 329 / 523
0 541 / 801
3 76 / 273
0 247 / 317
0 338 / 494
1 179 / 558
0 159 / 947
0 305 / 578
1 367 / 602
0 363 / 699
0 460 / 791
0 36 / 248
0 299 / 924
1 367 / 451
0 60 / 843
29 4 / 27
1 111 / 609
1 4 / 677
1 146 / 558
0 290 / 441
0 218 / 619
0 190 / 537
0 597 / 622
1 76 / 207
0 284 / 367
0 130 / 976
0 106 / 434
0 555 / 715
1 230 / 447
1 11 / 828
0 223 / 865
0 592 / 649
0 439 / 602
0 490 / 944
0 280 / 518
0 229 / 935
1 60 / 202
0 424 / 659
0 590 / 900
0 218 / 532
0 656 / 932
0 378 / 954
0 71 / 353
0 60 / 963
0 105 / 297
0 335 / 572
1 285 / 376
2 145 / 199
2 45 / 414
1 113 / 309
2 55 / 304
0 85 / 666
0 125 / 453
0 74 / 971
5 31 / 61
0 167 / 577
0 78 / 579
71 12 / 13
0 297 / 758
18 40 / 49
19 9 / 26
0 208 / 620
12 4 / 49
0 73 / 287
0 389 / 600
2 16 / 142
0 114 / 509
0 7 / 217
0 255 / 974
1 440 / 509
0 270 / 698
0 181 / 230
8 26 / 106
0 293 / 363
1 4 / 578
4 3 / 126
0 465 / 734
0 234 / 838
0 816 / 894
50 13 / 14
1 4 / 142
0 161 / 842
0 579 / 736
0 535 / 957
1 71 / 732
1 39 / 753
1 12 / 936
1 159 / 302
3 60 / 151
12 46 / 67
0 129 / 154
0 118 / 356
1 32 / 335
0 457 / 855
1 61 / 164
0 605 / 608
0 169 / 715
1 82 / 257
1 64 / 376
0 194 / 617
1 52 / 756
0 11 / 339
1 33 / 865
0 263 / 416
0 397 / 941
2 17 / 93
638 0 / 1
0 237 / 546
0 829 / 875
0 124 / 173
2 44 / 109
1 5 / 147
7 38 / 109
1 89 / 516
3 64 / 122
0 126 / 919
0 465 / 504
0 137 / 630
0 114 / 333
0 180 / 324
0 538 / 606
1 55 / 908
2 114 / 138
0 516 / 688
0 237 / 495
1 26 / 540
0 118 / 178
2 87 / 240
971 0 / 1
0 105 / 854
1 109 / 141
0 134 / 744
0 693 / 787
0 686 / 720
1 119 / 210
1 134 / 176
0 709 / 964
0 340 / 862
5 64 / 109
2 37 / 64
2 14 / 56
1 219 / 470
0 637 / 858
0 856 / 943
1 19 / 166
87 1 / 3
0 98 / 669
0 183 / 243
0 323 / 336
0 650 / 707
0 368 / 730
2 175 / 194
0 346 / 451
1 61 / 636
0 492 / 790
3 143 / 201
15 28 / 32
3 59 / 90
1 241 / 728
0 752 / 922
2 152 / 376
0 62 / 106
0 259 / 699
1 138 / 153
1 46 / 588
0 724 / 954
0 40 / 840
1 2 / 764
1 12 / 882
20 3 / 6
0 145 / 807
0 129 / 260
1 350 / 567
0 115 / 171
1 11 / 377
0 247 / 630
2 250 / 369
1 85 / 712
1 37 / 701
0 247 / 654
4 159 / 204
1 354 / 555
1 102 / 509
2 8 / 158
1 21 / 305
0 94 / 275
0 193 / 275
0 42 / 604
1 448 / 478
0 384 / 953
1 136 / 611
1 130 / 816
2 56 / 404
0 249 / 619
0 344 / 406
507 0 / 1
1 211 / 645
0 110 / 784
0 67 / 152
0 158 / 345
1 112 / 574
2 24 / 403
0 360 / 892
0 575 / 721
0 583 / 672
0 234 / 372
0 60 / 829
1 186 / 775
1 255 / 709
0 743 / 927
0 53 / 548
0 24 / 395
0 328 / 815
0 464 / 887
1 182 / 385
1 121 / 744
1 428 / 459
0 209 / 336
0 592 / 944
3 83 / 278
6 125 / 134
0 485 / 708
0 602 / 870
0 23 / 112
0 98 / 817
1 123 / 186
1 107 / 204
0 729 / 763
1 311 / 530
0 576 / 590
30 16 / 22
0 313 / 963
1 257 / 586
2 137 / 159
2 170 / 203
0 415 / 512
17 42 / 44
1 138 / 516
0 326 / 907
2 75 / 159
3 10 / 209
3 76 / 265
2 18 / 373
0 67 / 235
136 0 / 2
1 251 / 681
2 17 / 473
1 218 / 323
0 464 / 687
1 185 / 437
0 26 / 900
6 79 / 150
0 14 / 298
3 10 / 321
1 225 / 771
0 27 / 742
0 74 / 966
0 159 / 613
0 172 / 622
0 112 / 409
0 663 / 735
2 105 / 247
0 791 / 993
0 653 / 862
0 747 / 815
22 14 / 42
0 361 / 985
22 7 / 19
2 184 / 322
1 401 / 510
30 14 / 15
1 102 / 432
1 4 / 904
0 270 / 671
0 340 / 789
1 99 / 565
0 951 / 978
0 624 / 906
0 148 / 383
1 378 / 484
0 289 / 298
1 473 / 523
2 169 / 367
2 117 / 128
5 15 / 127
2 278 / 299
6 111 / 135
0 696 / 801
2 188 / 291
0 349 / 799
1 58 / 76
2 151 / 401
0 191 / 698
3 220 / 256
0 379 / 691
0 823 / 919
0 208 / 215
0 407 / 607
2 98 / 140
0 399 / 702
0 576 / 607
1 39 / 653
0 22 / 631
7 88 / 129
0 20 / 439
1 68 / 784
0 83 / 617
0 616 / 926
0 44 / 194
9 28 / 41
0 931 / 939
2 153 / 320
0 530 / 570
1 320 / 624
0 651 / 880
17 11 / 24
0 458 / 481
3 29 / 53
1 130 / 779
0 401 / 900
1 175 / 740
0 95 / 670
0 161 / 835
14 16 / 41
1 98 / 154
0 223 / 846
0 610 / 819
0 341 / 898
0 136 / 817
0 405 / 648
0 572 / 982
0 28 / 804
1 132 / 758
0 246 / 392
0 136 / 706
1 71 / 604
0 302 / 732
0 129 / 512
0 407 / 906
1 65 / 404
1 240 / 595
0 371 / 576
0 335 / 982
0 74 / 101
7 2 / 17
1 208 / 683
0 367 / 932
21 6 / 47
5 111 / 127
0 438 / 811
1 188 / 533
0 333 / 976
3 125 / 151
0 428 / 529
0 179 / 737
1 94 / 679
461 0 / 1
1 265 / 597
9 52 / 54
0 453 / 697
0 36 / 164
0 508 / 852
0 837 / 921
0 7 / 765
1 193 / 207
1 429 / 478
4 152 / 194
0 674 / 957
1 335 / 351
0 473 / 709
1 91 / 674
0 920 / 953
1 234 / 495
4 51 / 168
0 31 / 930
0 72 / 708
2 62 / 402
0 645 / 945
0 892 / 966
0 470 / 564
0 456 / 686
0 93 / 286
1 378 / 495
2 269 / 340
1 186 / 727
0 8 / 167
0 277 / 832
0 303 / 683
0 219 / 416
1 277 / 293
0 42 / 650
0 837 / 973
0 495 / 918
15 27 / 35
0 126 / 970
0 267 / 350
0 775 / 868
0 137 / 421
0 134 / 495
1 133 / 637
0 597 / 704
0 170 / 891
0 168 / 928
14 17 / 69
0 381 / 988
0 183 / 881
2 280 / 349
1 453 / 469
2 62 / 413
1 133 / 157
2 47 / 166
0 128 / 416
0 194 / 846
0 88 / 162
2 26 / 347
1 51 / 346
0 494 / 728
0 344 / 648
1 58 / 372
3 70 / 230
1 7 / 573
1 69 / 361
28 4 / 22
0 324 / 493
0 93 / 846
1 130 / 485
0 33 / 865
0 289 / 323
0 350 / 488
1 241 / 374
17 3 / 8
0 710 / 769
1 88 / 311
5 25 / 34
0 221 / 811
5 92 / 142
0 344 / 479
1 199 / 644
0 236 / 915
0 391 / 495
24 15 / 22
4 32 / 37
1 2 / 105
0 263 / 500
0 73 / 198
0 294 / 777
0 271 / 519
0 454 / 662
4 32 / 168
0 134 / 388
1 2 / 925
0 272 / 442
0 816 / 936
2 2 / 325
0 524 / 666
1 391 / 476
0 698 / 763
1 287 / 483
1 219 / 767
0 148 / 362
0 495 / 643
3 106 / 111
0 197 / 940
7 48 / 125
0 473 / 847
0 366 / 518
0 4 / 553
1 158 / 265
1 273 / 384
6 87 / 116
0 327 / 961
0 470 / 682
0 16 / 354
1 131 / 220
4 60 / 133
1 336 / 556
0 203 / 276
2 65 / 175
0 554 / 971
1 5 / 247
0 196 / 304
2 50 / 100
1 141 / 805
9 34 / 91
1 194 / 714
0 510 / 803
1 90 / 695
1 253 / 554
1 436 / 493
1 223 / 397
0 600 / 657
0 376 / 892
0 221 / 547
1 108 / 891
0 523 / 747
0 585 / 706
0 325 / 483
0 187 / 792
1 51 / 320
0 65 / 303
1 410 / 502
2 90 / 251
0 113 / 952
0 136 / 728
0 4 / 29
2 106 / 362
0 647 / 785
0 410 / 898
6 78 / 136
0 492 / 706
1 440 / 557
2 153 / 249
0 223 / 806
1 119 / 847
0 102 / 297
0 533 / 763
11 10 / 20
0 494 / 665
0 198 / 660
0 434 / 902
1 255 / 648
0 369 / 492
0 328 / 986
0 121 / 721
0 523 / 740
0 93 / 863
0 273 / 619
1 199 / 734
1 43 / 162
0 325 / 912
2 302 / 309
0 252 / 977
47 6 / 20
1 198 / 269
1 105 / 161
0 156 / 881
83 3 / 8
0 204 / 651
0 732 / 769
0 379 / 385
0 169 / 989
3 82 / 190
0 586 / 956
2 268 / 365
0 130 / 754
1 202 / 579
0 128 / 551
1 30 / 341
3 115 / 272
0 442 / 510
0 524 / 910
1 167 / 552
1 262 / 584
4 151 / 165
0 535 / 701
16 15 / 21
3 28 / 53
0 616 / 770
2 251 / 332
0 671 / 749
1 143 / 458
1 45 / 344
0 788 / 883
0 20 / 498
5 103 / 127
17 15 / 56
2 141 / 377
0 453 / 675
6 5 / 48
2 142 / 388
0 451 / 468
0 655 / 782
2 75 / 201
1 74 / 550
0 355 / 935
0 29 / 854
0 548 / 918
901 0 / 1
1 206 / 625
0 255 / 360
0 408 / 611
0 630 / 757
1 189 / 652
1 246 / 384
0 27 / 224
0 321 / 509
1 252 / 529
4 43 / 135
0 457 / 880
0 634 / 719
2 56 / 441
0 546 / 859
3 7 / 83
0 30 / 108
0 303 / 462
0 143 / 623
0 213 / 889
2 35 / 349
1 193 / 458
2 129 / 186
0 160 / 985
1 291 / 294
1 260 / 350
3 129 / 286
0 451 / 460
1 49 / 423
4 13 / 75
0 225 / 520
0 511 / 652
0 486 / 823
1 367 / 474
0 664 / 711
0 24 / 960
5 85 / 159
1 213 / 498
0 634 / 969
0 120 / 222
0 388 / 987
0 106 / 692
3 37 / 38
1 63 / 530
2 159 / 350
0 296 / 596
3 30 / 177
0 46 / 315
62 5 / 7
3 4 / 165
8 10 / 58
3 94 / 226
0 488 / 984
2 210 / 392
6 46 / 56
4 116 / 162
0 173 / 494
1 228 / 519
1 383 / 438
1 110 / 887
0 238 / 860
0 335 / 937
5 117 / 139
0 551 / 808
1 347 / 560
1 121 / 435
0 242 / 617
2 63 / 178
2 181 / 247
19 37 / 50
0 533 / 799
12 4 / 70
0 492 / 637
0 424 / 979
2 180 / 226
0 702 / 825
0 321 / 928
1 169 / 411
1 75 / 100
2 83 / 395
