0 66129243 / 1320829763
0 765212497 / 1777677627
1 688169473 / 1047356913
0 408304995 / 525789603
0 887692869 / 888727305
0 1355188876 / 1738305152
1 469310841 / 592178843
5 150917745 / 284782332
1 706147564 / 1287955251
2 133571582 / 234957244
3 22148899 / 307177113
1 143278219 / 1495963515
0 113228809 / 1408000522
0 409822761 / 1895188970
0 258202578 / 845870434
0 1255607439 / 1515753364
0 1469288318 / 1651918781
0 822958969 / 1660014674
0 550205576 / 1089469339
2 70546384 / 538875232
1 837187366 / 942656649
21 14708963 / 86731162
0 500904603 / 986027659
0 512294049 / 1370058187
3 169437921 / 500880357
6 197626481 / 249053928
3 41408716 / 524780481
0 719417631 / 1588730745
1 517655562 / 1085185312
0 169728851 / 1191863093
0 1531416104 / 1919384703
1 431187847 / 1047055041
0 298884435 / 1785672325
1 178731478 / 430858854
0 444464173 / 1946169759
0 583997808 / 1230071073
3 227296574 / 298795455
1 709332896 / 1051485390
1 81103847 / 551127953
1 198641120 / 455367753
0 905010408 / 925752732
0 798686868 / 942919820
2 594122332 / 743835738
1 187301466 / 557157392
0 520738820 / 2125057780
0 574572350 / 1152301246
1 63069424 / 1779484238
0 355967463 / 1052320291
0 442641064 / 1769222740
3 321892273 / 520640206
0 1361411933 / 1810260024
0 125404377 / 2142703946
2 301508728 / 862419721
7 32590320 / 187836922
1 6507152 / 141712402
1 158852964 / 1661923281
3 345838367 / 532040342
0 1659338401 / 1772742523
0 211715100 / 560944359
3 466387680 / 547333867
0 484617530 / 1021930788
1 427227254 / 1028245973
0 1435891897 / 1614751300
2 60338909 / 644331892
4 37583516 / 216840891
0 875445212 / 2037805424
1 461898337 / 1227809072
39 678398 / 7687180
26 12896530 / 41712771
1 108163507 / 951688978
0 124995339 / 1278234071
3 241631048 / 512394821
0 1512232746 / 1738988346
0 1487152524 / 2088345134
2 363118841 / 593341163
0 1109978271 / 1212919596
0 1323901997 / 1775747868
3 29156486 / 538405853
0 558751087 / 1897583061
0 592555033 / 2061789977
0 1699820263 / 1701476987
1 206422350 / 1858873713
1 515861796 / 585221785
6 121015008 / 164481069
1 687117759 / 1190947943
1 339429926 / 526861655
0 229804953 / 1441770695
2 391486177 / 769964148
8 180077438 / 204248689
0 52359248 / 126303785
0 431791566 / 1761906187
15 84380698 / 132866545
0 349573754 / 1528148861
1 44393231 / 1772610756
0 277961162 / 1925176032
1 270409720 / 1027326780
0 595783499 / 1464679867
0 511620679 / 1845586054
0 549364560 / 695889520
0 944523483 / 1212562768
1 524718524 / 626864834
1 383169620 / 1314320575
0 804634627 / 1948627010
25 18449322 / 27207498
0 56477600 / 1178735525
0 1115603462 / 1498816360
0 350853264 / 1634597828
1 817132813 / 1087301995
1 883498100 / 964976517
1 99074697 / 966716006
5 108478049 / 118481330
0 732901500 / 1427172862
2 236824200 / 440983461
0 1675470276 / 1767346052
0 757280297 / 813430897
1 1043719219 / 1058961962
0 1275063935 / 2095577197
10 46008404 / 158725505
3 132945095 / 327915385
3 521288176 / 526349864
0 346114920 / 746975407
0 738941118 / 1010256361
0 1274947523 / 1760689016
0 770037381 / 1994171228
2 240833300 / 586776591
0 1181084847 / 2004289842
0 731529179 / 1072930823
1 562491461 / 1569732543
0 1287524960 / 1425013130
4 31228585 / 232627034
1 298042969 / 1124256279
1 646896665 / 664090168
0 652277111 / 1389799236
0 430426941 / 1092344101
1 396440652 / 788411414
10 78129116 / 131082772
0 178089162 / 855711409
0 990050832 / 1254808859
0 1945741495 / 1995242963
0 26420914 / 1927519083
1 63581536 / 1332465578
6 158653201 / 170008829
2 317577349 / 580171574
1 56885602 / 179426188
0 4919401 / 72520381
0 643691022 / 1433309446
9 67922943 / 230207476
0 733037157 / 1637066035
0 609172513 / 1440476885
1 21999123 / 39047121
1 821053699 / 1013789374
7 73500146 / 138355173
0 200732411 / 1687542757
1 118271643 / 456160311
8 64299115 / 200515070
2 442342373 / 678576668
7 207606377 / 255942417
1 235382452 / 769020596
0 1853647737 / 1905944668
0 334990728 / 1013005355
0 986234712 / 1681767985
4 113662247 / 245800580
1 721950916 / 1310404459
1 129380126 / 893465576
0 1095373558 / 1704050519
2 257567151 / 829926748
0 291506709 / 406565724
0 2130696661 / 2142913985
0 1107943797 / 1511568503
5 4829992 / 325629583
1 349159207 / 480861959
4 44076636 / 307786333
1 647989274 / 1062793274
2 469066508 / 618254166
0 879362501 / 1772090964
1 190612385 / 1522983742
0 283237864 / 925417534
1 273285915 / 719163659
0 582382812 / 1398395203
1 466578107 / 1523374827
0 122955910 / 1297015052
1 320614367 / 1423563772
1 133593410 / 505054946
0 1359404097 / 1934979597
0 757040710 / 1149393186
0 390754940 / 601448806
1 462499799 / 861186136
0 686193893 / 1196699645
1 204619176 / 1867012539
2 443407582 / 555193981
0 1334898045 / 2030063495
1 310972278 / 1294121732
0 1055083922 / 1836813018
0 799650144 / 1106174744
0 984487535 / 1357839303
1 461877337 / 930962428
1 177661957 / 961959325
0 166427222 / 574669863
1 7982738 / 1757937945
0 315404559 / 1993120972
1 463889405 / 1126371766
0 1442646746 / 1959125471
0 1373281568 / 1515010729
1 517961120 / 1489218489
0 512046782 / 702589019
0 971860073 / 1311130378
3 385462986 / 573895912
5 191029278 / 203215075
0 129529774 / 139460611
0 176704389 / 557648633
0 1727458367 / 2096695254
0 585994783 / 1533385567
1 278678087 / 1091992633
1 246900876 / 865324885
0 583027613 / 1611720859
0 1142040815 / 1950846192
1 711815554 / 1301148122
1 415793803 / 1174116972
1 78989795 / 937682247
5 108259316 / 262708320
0 401876801 / 597580788
0 382731209 / 1731290919
2 313587641 / 582824946
58 5561725 / 27198189
0 919314201 / 920266886
0 992647759 / 1611119146
3 156947888 / 183501807
3 357077072 / 475102633
5 76719917 / 323733093
0 115583110 / 314102565
0 692892464 / 1843527902
5 47757723 / 82619298
0 1341349293 / 1863342485
0 1621068294 / 1801908670
1 346531868 / 1791986016
3 132808868 / 419613832
0 284524835 / 2074402700
2 185184777 / 789141989
0 1605610467 / 1903250553
0 302373967 / 999823007
1 139447184 / 1768160595
23 17384000 / 57663745
3 94750123 / 138805942
5 138526820 / 388204104
0 1341936940 / 2099054913
0 353495788 / 1932585210
0 954380 / 2051751162
0 622925865 / 1173108956
0 399202896 / 882433058
0 833363410 / 1754862181
0 890439404 / 1070534353
0 1127088238 / 1398098673
0 952929101 / 1802673187
0 790491305 / 1311994951
1 769727769 / 1131093602
2 24495699 / 129363002
4 48788981 / 76632344
1 765749748 / 1273317318
2 47556666 / 1007076553
0 61955219 / 1351127769
4 209956292 / 307336113
1 75354717 / 1891941191
11 70353974 / 148387560
1 127604217 / 856092780
6 96809791 / 339263978
1 609566508 / 898916856
0 269353917 / 2035384972
0 1248301698 / 1906119954
4 421179102 / 428063982
4 93256126 / 198621081
5 120254732 / 182528777
1 93919735 / 1564120131
0 1523523640 / 2125076244
0 431071210 / 1281010507
0 18386133 / 53035355
0 5246907 / 936221908
0 1078550148 / 1275160846
0 1980282535 / 2120196486
0 108903552 / 1395340252
0 137984851 / 1943292731
1 174654696 / 1671783798
2 108579796 / 416913236
1 486310117 / 1285727616
10 39057576 / 66562507
0 252627353 / 923574097
2 347827068 / 520389521
1 238664058 / 1122306945
1 53127516 / 359957222
12 119259028 / 168059940
0 1042102697 / 1626747946
1 880902284 / 1060615086
0 34316673 / 181248766
0 1268253710 / 1406759709
1 259782402 / 1696266801
2 28457603 / 921423047
7 14133924 / 227620880
0 1117830036 / 1195925726
0 1174865309 / 1643358433
0 971129283 / 1452827346
1 187750475 / 812320610
0 1353911833 / 1549702676
0 1137729903 / 1891302884
0 516817864 / 1359160643
2 17611867 / 792657644
0 278168158 / 1555794827
0 876955321 / 2143654117
0 363834428 / 926469718
0 1302134168 / 1451584961
0 1572763821 / 1978908124
8 54290364 / 149358557
0 425365912 / 437237319
34 40284642 / 41193795
0 448464960 / 1697866795
3 62997546 / 104820267
0 310909320 / 2146730619
3 372940430 / 442884106
1 257841961 / 1047180247
0 1086512425 / 1521909790
0 104634065 / 522721873
0 245182034 / 1670108790
1 232042283 / 1029895044
6 90010080 / 117785999
7 107150177 / 120689502
0 768508602 / 2026498364
0 834594858 / 1359248288
0 281925625 / 382602334
1 25179327 / 1426502380
2 27632490 / 1034275822
1 15769230 / 504196605
4 104912137 / 154553191
14 68868721 / 110445473
0 1742320506 / 1909547412
0 289830773 / 1596619302
0 789308198 / 1704867502
10 6014140 / 175191748
0 115297483 / 1811590370
1 644402740 / 1293887987
1 164114419 / 542437008
1 83122764 / 522251448
0 1072901745 / 1477886917
4 3086268 / 532868672
0 123084941 / 981343730
0 976671561 / 2017473821
0 1313839422 / 1972290397
1 484212743 / 1524156407
1 639660477 / 958772232
3 212242673 / 315340212
0 253433202 / 1011059434
0 1402395289 / 1435187747
4 104013040 / 318955932
2 226460026 / 267675154
1 1022671974 / 1090551678
0 354697330 / 1717288200
0 865403704 / 1845665798
0 598910086 / 1775385807
1 678075745 / 1364517464
1 405145377 / 1443669969
0 1718990379 / 2022176512
0 64364870 / 242779418
0 594056705 / 1794400569
0 1932268156 / 2131439234
2 75712301 / 845988438
0 377375268 / 2104525633
0 874283179 / 2074252389
1 269802875 / 885958876
2 94759672 / 684477086
0 1658970860 / 1666676458
0 34337087 / 1613964711
1 807025868 / 1321095509
0 795967115 / 1780777613
4 160181055 / 436515888
1 933259138 / 1006920003
0 1991164704 / 2009219031
17 87021608 / 100872707
4 198451427 / 259824023
0 1537536201 / 1603641231
0 862477650 / 1021355570
1 714664558 / 821400180
3 121349049 / 496877800
0 476402478 / 1698794889
0 203009466 / 270036542
4 39183638 / 158779756
0 144125698 / 604937911
1 285592647 / 847649857
2 9786724 / 411021712
2 41194491 / 1031754824
0 549847841 / 1494226440
0 175218623 / 2011672801
0 220271638 / 1624610653
1 883114261 / 885202268
2 252236326 / 709166438
0 1290932296 / 1566392540
0 13219894 / 1004595897
1 367371341 / 1770505232
0 5580871 / 304648478
1 217462454 / 1646117489
2 66732334 / 138198926
0 123048701 / 688384131
24 7181262 / 37373362
1 167381037 / 186262361
2 16801702 / 370637160
0 1749619676 / 2075270572
1 77847057 / 293301419
0 729102496 / 987816767
0 294777337 / 1532806818
12 32214391 / 163032849
0 336303074 / 2137180167
0 744878408 / 2027024379
1 364904276 / 421678680
0 1045801149 / 1157479037
1 509321126 / 1220574272
2 522316542 / 527260398
1 562875342 / 832110153
0 1825014445 / 1861883070
28 4958081 / 37028389
0 1677431021 / 1775502012
1 673497274 / 1110469090
6 52973262 / 314444123
0 153102232 / 269792208
0 178819953 / 2015815018
0 789794905 / 1570100768
0 554936498 / 1790179347
0 879025942 / 1843113371
2 527352123 / 545096606
0 234580378 / 728483482
0 333863926 / 2093235760
0 119040897 / 2067564896
5 74063127 / 318401949
3 70167717 / 81480316
0 766056414 / 1627861345
0 1857168836 / 2075041744
0 1122580362 / 1528771094
0 431096543 / 1952123245
1 137503967 / 1232185524
1 878945146 / 1126282606
0 306399273 / 2124014305
0 660673233 / 1217563076
2 214043579 / 354839062
0 295422708 / 1637977013
3 59802634 / 154933202
7 22113640 / 155238135
1 46464196 / 127306512
0 687184395 / 1603369267
0 217032167 / 1852405342
0 604612582 / 1958068773
0 477047103 / 1194021347
0 1671838440 / 1706467655
0 277007459 / 1242889474
31 45889492 / 59324263
0 1029106815 / 1774171366
1 84598581 / 1771733145
0 564667827 / 1883391362
1 26785188 / 1843876219
3 366240272 / 546076765
0 533736488 / 662157984
0 1457541768 / 1481820567
1 56191378 / 1363470295
0 1236143583 / 1353762922
0 920837044 / 1812282598
1 559126969 / 1492333455
0 774580614 / 1097930913
8 76503225 / 237523611
0 794166943 / 1824309037
0 1466883639 / 1992919768
5 19202305 / 371632102
1 210459040 / 422199502
0 176475421 / 264200992
0 1073065413 / 1814351011
9 81016534 / 216710686
0 1499828337 / 2125969125
0 472269547 / 1476235963
1 566072010 / 705480658
6 174002333 / 327805922
0 1895188278 / 2057489983
0 515576825 / 815016904
0 815924863 / 1253095068
0 347364680 / 769679474
0 1508455599 / 1744562111
0 56396159 / 647030772
1 562273535 / 950281146
10 3712331 / 13428321
1 97847126 / 430822243
0 422401386 / 2010209882
0 1049832665 / 1088416049
4 82809136 / 472404570
0 522424887 / 1441210953
1 21221532 / 404087845
13 104905377 / 129376849
1 213498410 / 269348404
0 460276471 / 1824538513
0 506222901 / 1080395456
1 640879054 / 1298835052
2 143834677 / 653611966
22 18939291 / 36087665
1 432661565 / 1182240689
1 98539321 / 1349801857
0 1188723 / 531375097
0 288793262 / 1105690057
0 1425713146 / 2141514993
0 74208280 / 1984385716
6 213945498 / 261160504
0 48983164 / 1280611869
3 48108575 / 106345874
1 45276182 / 628603803
0 1003966164 / 1751702461
1 302384710 / 1790168884
0 383891199 / 744660473
0 1040687664 / 1448874437
7 58139707 / 138343071
1 550355898 / 1562840386
1 944400217 / 1121010189
0 459826652 / 742369326
4 93077495 / 98421083
0 1173243008 / 1237085786
1 331779395 / 1714387115
1 511982693 / 1319115281
0 1216010456 / 1388977910
1 818615514 / 833287725
3 64460332 / 182379476
0 845181507 / 1673664951
1 87608978 / 1426283743
0 283271147 / 1264142765
0 679133817 / 1009871327
2 90731264 / 839528607
1 127206592 / 760910824
15 51967358 / 102335680
0 115370486 / 237409078
1 445647293 / 772740430
4 76358704 / 173507748
15 20822551 / 76740776
3 32415820 / 88023675
0 1043752223 / 1466315666
0 1045179219 / 1129676826
0 783190307 / 2089342914
1 318209668 / 1746434336
0 247064570 / 1168092517
0 384233768 / 519713971
1 858758491 / 888994863
36 45514832 / 49306177
1 855228380 / 962757510
0 737168132 / 1397419095
0 25645506 / 711264223
5 194289725 / 375427210
0 1752298281 / 2137027126
4 126678369 / 161358161
56 2466877 / 13198018
0 384425733 / 608610836
0 973047729 / 1888673449
2 280899204 / 466049236
1 311046669 / 1803634723
7 35077303 / 150560881
1 95501026 / 915042397
2 73772789 / 635360100
0 275622136 / 942476789
0 434527231 / 1115841979
0 1102361041 / 1652569304
0 779799543 / 2040156072
1 70366120 / 412248047
2 102942949 / 663503518
1 283783965 / 1349200837
4 12918844 / 57262344
0 1699289273 / 1731733142
1 363834774 / 1613372955
0 796474920 / 1839198908
2 260996096 / 396475283
0 1018161436 / 1253132042
39 4202774 / 51335184
0 1544845917 / 1570357137
2 166782172 / 977406460
79 3382212 / 14254811
8 10345030 / 216178864
0 335888183 / 856984455
33 5575302 / 63625834
2 39636770 / 990255160
4 1434782 / 248281678
0 234302368 / 889727302
2 160137139 / 681066989
0 462177874 / 795491945
0 475939398 / 1810801800
0 268812355 / 1950372103
0 566807248 / 2027119462
3 222294797 / 625109252
0 707817912 / 858810079
0 1013589893 / 2032408338
1 371108704 / 1104261648
0 651282307 / 1716330309
83 12616973 / 13736142
1 463985962 / 674350790
1 20907897 / 1400569580
1 44476982 / 2074005030
0 837256467 / 841527693
29 18815885 / 39350930
2 380409162 / 821963943
1 57006034 / 1583659350
6 37153858 / 117560438
0 136166172 / 974677130
2 5774247 / 679858633
26 17452302 / 48643984
0 522141542 / 829461864
13 29016918 / 32941055
0 621681143 / 1949408880
3 151321729 / 644500101
0 40092262 / 1426546286
0 1669011604 / 1675792149
1 211612094 / 434338589
1 303434214 / 389013979
1 147457902 / 214180102
0 436618520 / 2041877990
1 794841814 / 1249494916
1 644147872 / 1297287654
0 171490696 / 1871826701
1 689767715 / 997724589
1 68844613 / 1860801114
7 146350740 / 257192462
0 69114681 / 1701770314
0 129023841 / 1216431194
2 21508234 / 496747989
0 1341884491 / 1598495789
6 49165334 / 133921342
1 15565758 / 1653706765
1 196000501 / 793239761
1 670383342 / 1105057655
1 549895141 / 996438158
0 277494942 / 1110485345
2 334775277 / 781741112
0 353220263 / 973187825
2 15988566 / 1036915482
5 60694269 / 370007726
0 230099846 / 1575331987
0 693493773 / 718022071
15 7672415 / 58880681
0 141200367 / 376728672
1 489865897 / 894361119
0 1588250362 / 1840801878
1 101665825 / 292705868
1 188917445 / 1308503931
1 70860841 / 1329090317
0 522108536 / 1275026149
0 35492303 / 1540806791
0 1023596352 / 1364243689
1 61678804 / 626296446
0 271672567 / 530084626
3 244693066 / 256619369
0 906798611 / 937415398
3 173836441 / 227572094
1 278614002 / 1088530810
1 446171928 / 710089665
1 495602032 / 1546390778
2 38908130 / 655230055
0 415688999 / 978076340
1 811839881 / 825739990
1 474883487 / 1481846671
0 703212390 / 1047032836
0 514032321 / 1695723349
3 270770107 / 295869070
0 866914814 / 1460675655
0 395052095 / 2017279096
1 378360561 / 1470229325
0 1146781410 / 1414875374
2 248034668 / 779354688
2 43401686 / 878700856
1 268373056 / 1199708499
0 756016679 / 1170521339
1 588654760 / 700617799
13 20381593 / 56516825
3 120692714 / 358089927
5 17578428 / 256482085
0 60168653 / 280024428
26 17081613 / 63144208
2 475160966 / 749350858
0 540013136 / 720910868
2 105748289 / 378802434
0 1062659086 / 1659349999
1 487967726 / 990875977
0 1057514292 / 1138409351
5 111512627 / 209645854
0 979750297 / 2127996292
0 1008310257 / 1692456660
1 450015458 / 1115701719
1 217641861 / 1183600778
1 119567458 / 1439943046
0 1325087251 / 1943102409
1 276272865 / 1133324396
3 196452320 / 221876941
2 106980591 / 713702448
0 899235841 / 1578720642
0 1452322410 / 2100907113
4 280084137 / 368202832
2 247725234 / 279116712
1 82190121 / 1549941801
0 319911262 / 1441744513
5 159474040 / 190293532
1 431891271 / 1024110077
0 820654974 / 1632219323
0 452009496 / 1376614069
0 630137215 / 2053866616
0 845990896 / 1632327872
4 121591675 / 178138810
0 1047602756 / 2016066334
1 89617077 / 1972659926
1 911591817 / 1118550171
0 963479064 / 1529134644
0 12354377 / 2002172618
3 56237983 / 655903206
0 866353742 / 890140282
1 436336944 / 1274946282
0 197585638 / 2082500337
1 168158647 / 970456777
0 176970103 / 1019466792
0 877920187 / 1060604630
0 945234675 / 1168205190
1 590927600 / 645508429
0 1385987783 / 1694058279
1 151140764 / 1188124556
1 100232433 / 779158933
0 190427525 / 192928530
4 55936853 / 414306588
28 24336575 / 54692799
0 752058932 / 1339992885
0 386134361 / 896464771
10 8787894 / 37473542
24 52437676 / 56198386
0 659620251 / 1544730053
0 267284099 / 1094046539
0 1516306424 / 2130827080
0 1330643600 / 1528460463
7 80628238 / 295049193
0 505755324 / 967225977
0 1300164084 / 1792126815
0 2019156400 / 2065788588
1 851734425 / 1156563729
3 88062630 / 647742912
0 513879088 / 684338765
0 506084221 / 1408873752
6 152059590 / 278240937
1 909390042 / 917335527
0 544655393 / 1613019921
1 452347044 / 1296656577
0 839592123 / 1834899732
0 998084988 / 2006653605
1 10789337 / 448791490
0 287629192 / 339914260
0 1148767789 / 1950209016
2 64397354 / 759344497
2 282509024 / 559018388
2 359362323 / 412779616
0 1947869409 / 2099484422
1 312985265 / 1342708019
0 1562198848 / 1833353939
6 102630145 / 162508279
1 3840261 / 789890570
2 584514301 / 686324396
1 107421447 / 262271203
0 301198540 / 495895405
1 690033771 / 1108563253
0 254648510 / 411082093
1 627289337 / 742795105
3 353673471 / 574275211
1 601745164 / 1534264590
0 223226830 / 258279806
8 16458176 / 162010341
0 189939305 / 1910123564
1 458833934 / 1157349355
1 105486040 / 1981100772
2 397060810 / 756898888
0 1113879490 / 1787236447
12 36023046 / 42365890
0 1004555921 / 1647123872
0 263258477 / 1898938874
3 86121192 / 203831134
0 498172166 / 1905167352
1 502227318 / 665807054
12 15845366 / 94450924
1 818549454 / 1278964525
2 407120576 / 689383502
1 268299948 / 361485915
1 321943478 / 749660688
1 360159989 / 807033319
0 296279134 / 1226526346
0 412095456 / 2080863493
0 57850758 / 883957537
1 144993329 / 976502968
1 168041395 / 318516164
0 641651737 / 1095770943
4 5159014 / 101762189
9 46979830 / 111035864
0 1613615056 / 1724010908
2 47889744 / 219373423
0 29152014 / 1037643907
2 604202853 / 693381810
0 1144116963 / 2043443630
0 349130075 / 633810558
4 141899996 / 389195994
2 14881149 / 126448397
1 214713521 / 896977977
0 584165832 / 1838738865
10 18012405 / 55573134
0 79056897 / 1132335534
0 1453013930 / 1699512544
0 1017907063 / 1349808046
10 61700468 / 102630080
0 567917138 / 842465825
0 1151273736 / 1293679793
2 119401314 / 587940937
0 441541619 / 601621625
25 25573973 / 43021013
0 36160703 / 1522637848
0 185677504 / 1013682841
1 98991839 / 435702569
0 695807391 / 1691049745
0 522787889 / 1192425316
0 1196338835 / 2031687169
2 418635031 / 600569318
4 85651991 / 441013890
1 220735168 / 1849816250
7 146579953 / 204329186
1 330777459 / 519313113
3 21580032 / 595201252
1 810584473 / 862307262
2 407305844 / 631583497
1 124291045 / 1065070579
4 47521575 / 493752690
0 351389539 / 1208202068
1 331787280 / 717969810
0 1440046972 / 1927591310
0 1773355197 / 2019884910
0 1083389935 / 1249886858
1 675826644 / 768117686
1 773839199 / 927996797
0 480202131 / 1050518770
7 74010157 / 144525834
0 1256718298 / 1310716842
1 526835463 / 1268129133
0 1597542647 / 2109428145
0 768581337 / 1207634181
164 1220279 / 9931335
0 1494865126 / 1783624142
1 47806595 / 731985406
48 17674817 / 33061201
0 1071688355 / 2024855835
1 808883532 / 883051319
104 1687286 / 6058541
0 1399956043 / 2124135664
0 459174944 / 1070228707
0 1653714855 / 1920352815
6 32774115 / 257815060
0 1274888879 / 1724452906
1 229339001 / 1170140213
0 1794933125 / 2040420107
1 495880605 / 1086733645
0 1162497877 / 1458903473
2 250396320 / 801445272
1 422996979 / 612395470
1 479038769 / 1547166829
0 30048584 / 1917286316
1 148964582 / 414593023
1 284393765 / 1503794713
1 700040187 / 1225989956
1 468076483 / 1178492450
0 1771119253 / 1963602122
0 956308727 / 1823271161
21 76016806 / 82724650
1 338781117 / 1486115856
0 473734596 / 1083981603
1 147231724 / 1589517277
0 494761527 / 1363682161
0 896667496 / 1057538796
0 1821007646 / 1855705807
0 1261396892 / 2027591456
1 202706636 / 1845125504
1 861509748 / 879424877
1 158230733 / 1598447640
2 430782509 / 565538175
2 73187236 / 294363417
5 86633051 / 213825759
0 819727527 / 1478412704
0 562964532 / 2081561668
0 42719908 / 1307932805
0 94315532 / 466534397
1 77158979 / 494112661
0 1391037296 / 2117742272
0 987619496 / 1754825804
5 107225934 / 206727031
0 375181590 / 1445490953
1 486659045 / 1005143813
1 588025137 / 1469919311
6 48304213 / 247616059
0 271270229 / 1229650742
3 327502240 / 582636900
2 73420810 / 806336707
1 24316357 / 1574490043
0 230262899 / 1392483369
0 1397988130 / 1943831884
0 513023502 / 891889072
4 80262671 / 133774772
17 79276482 / 101298701
0 1101664604 / 2140819948
0 820492335 / 1662336574
1 156193691 / 924647452
0 299252101 / 990255098
0 138746373 / 1051233595
0 882640302 / 1467680234
0 694923463 / 1442789684
0 704755558 / 1600921710
2 396108479 / 477825649
8 12999535 / 31955243
1 134598501 / 1049762282
1 77006993 / 1278670146
1 250339714 / 1815888801
0 319918399 / 1046940345
0 470585647 / 1335741707
2 512891036 / 620490741
0 926105151 / 1558594817
0 743350646 / 1427621749
40 28424815 / 43663232
1 90710737 / 301278859
0 463420211 / 2144799425
0 911155159 / 1279562059
1 482733411 / 1245620485
2 243987123 / 664030541
0 573673762 / 1644903746
6 85834985 / 172048545
0 1493797098 / 1857188602
0 589931976 / 1172377095
1 1040191741 / 1065462462
2 161325720 / 553164535
1 329871975 / 519453145
1 589525601 / 909664955
0 1463757962 / 1988730651
0 1079928529 / 2043913318
0 116813731 / 559143172
0 334450189 / 635802857
5 28339858 / 299308904
2 463096363 / 762235085
4 245009187 / 395165167
0 1245040026 / 1908824186
3 184746277 / 641650410
0 534296303 / 1626832498
1 518896419 / 1138646991
0 158110247 / 385402502
1 316740038 / 986250197
1 544766794 / 860724453
1 585488954 / 1108451206
0 214127955 / 260219274
0 577083800 / 1452797206
0 1476789909 / 1490465455
0 111284252 / 815673528
2 460763717 / 721982838
0 1159254644 / 1337204117
0 179633564 / 516317655
0 681628390 / 1647272375
4 155112316 / 174016368
2 11870584 / 689075882
2 27869178 / 163302139
0 112478744 / 1280612333
0 1661434594 / 1694938742
4 55963788 / 150342198
1 402858661 / 1625493179
0 645594753 / 776817244
4 11477822 / 125353256
0 164873009 / 170979436
1 303384385 / 918841812
1 225548420 / 259907764
1 596302869 / 1352041344
0 734076869 / 1001394582
1 168301818 / 988458311
1 159581885 / 208085344
5 181018279 / 189034477
2 190207443 / 439358891
1 569244825 / 1498499994
0 219526027 / 1584685128
1 61174137 / 896522401
1 38026481 / 1968243588
0 557206601 / 1894792948
0 1024449158 / 1754924071
0 1530286223 / 2088119495
0 72134936 / 721721511
0 164915008 / 1396201470
0 442895567 / 1927572956
0 817153265 / 1041635903
1 309314992 / 648461524
0 330334823 / 2062179345
0 147497187 / 1879077573
0 218502867 / 909992825
3 448046735 / 538618130
1 326711173 / 1696017269
0 208216376 / 1066808351
1 105817767 / 556886364
0 1529696091 / 1923405428
0 613507741 / 655161254
2 55126548 / 769584762
0 447543892 / 1644788415
3 179817975 / 651538167
0 1577675710 / 1934805136
12 40200097 / 140916047
0 162209334 / 1106522369
1 515151110 / 1409752626
2 151866932 / 503967511
0 1262923386 / 1941870260
0 1767681123 / 1856652207
