191.06 86.10
136.44 142.24
48
271.86 115.67
0.99 69.94
15.83 54.52
307.41 98.45
75.54 79.18
305.37 274.66
191.13 297.45
226.44 345.00
364.98 152.95
71.13 449.07
53.66 315.28
484.22 300.21
65.97 314.40
64.02 463.58
446.33 14.92
303.47 342.33
19.41 300.39
116.43 403.47
83.63 149.55
34.16 80.10
242.39 406.43
341.63 246.36
70.67 264.56
453.69 217.36
115.26 235.36
124.38 405.37
109.58 144.75
326.48 104.34
112.85 158.60
45.68 184.21
3.95 437.55
430.90 99.18
345.61 247.67
128.83 259.71
473.59 53.83
140.64 283.43
99.55 56.85
450.94 425.08
305.26 3.45
413.91 112.36
9.81 426.81
445.16 321.19
321.03 1.93
432.95 117.87
47.10 124.35
430.64 224.65
259.31 297.45
242.87 377.05
