496.36 297.87
312.10 436.49
58
31.11 352.51
71.65 202.74
399.32 400.67
89.05 164.59
303.05 441.40
48.57 285.12
28.01 260.81
445.25 371.03
354.60 257.07
42.63 415.59
377.89 228.56
473.92 254.01
189.42 63.35
208.78 451.64
214.08 477.45
23.36 134.01
225.51 63.96
55.50 248.31
384.99 87.31
392.54 403.98
260.61 122.20
320.80 101.61
287.00 171.92
1.96 374.98
306.38 257.90
454.47 357.82
430.02 315.72
237.23 64.22
364.46 8.33
7.23 90.44
50.44 263.20
114.96 169.37
42.96 469.33
25.81 243.89
92.57 241.87
178.78 293.34
170.87 248.21
84.85 146.43
490.18 16.47
234.72 429.23
112.14 267.52
160.35 426.27
380.86 174.95
382.60 344.04
270.53 281.20
195.76 159.75
495.10 214.59
124.22 260.15
284.10 357.51
127.04 138.53
316.42 95.81
238.89 471.30
86.75 453.88
410.72 452.81
352.55 303.11
290.19 150.54
71.33 281.44
199.63 116.41
