266.95 169.53
299.42 341.39
64
237.66 279.12
105.22 386.70
304.35 223.59
455.54 283.55
131.50 147.02
382.94 29.51
396.73 267.51
84.10 419.37
396.01 276.04
397.79 134.17
438.36 441.70
150.53 414.22
226.11 300.59
444.34 441.36
434.12 253.37
454.16 138.95
389.44 385.31
381.78 88.15
481.80 176.33
129.79 349.19
384.60 497.62
416.45 301.17
270.64 67.04
251.34 193.38
199.51 108.36
169.27 494.76
492.92 69.98
221.42 409.58
283.03 430.41
472.21 454.10
136.26 162.64
498.24 2.83
47.99 87.73
461.24 18.86
431.57 334.85
361.95 349.11
13.92 495.55
222.74 151.67
47.74 430.98
45.43 42.33
444.17 233.33
149.43 489.03
46.07 248.83
164.51 336.52
364.50 200.87
88.80 471.99
312.64 36.89
484.92 76.89
263.46 389.34
98.13 267.48
468.20 118.90
412.98 33.23
46.42 250.48
285.80 22.24
259.52 224.12
221.88 88.89
41.91 306.41
297.48 261.51
188.96 334.04
186.52 268.85
31.76 352.93
259.38 441.60
449.42 452.51
253.51 171.84
