299.66 465.76
107.01 30.57
64
181.44 484.03
87.90 406.98
132.32 451.97
282.06 24.14
240.38 495.89
349.74 59.05
406.69 244.18
1.02 99.16
35.30 208.60
0.00 52.66
486.24 212.61
298.09 457.97
157.41 16.18
401.82 306.22
113.80 201.98
133.35 234.85
101.16 189.88
322.90 493.06
293.40 120.50
214.57 345.64
106.81 134.85
476.74 10.84
176.82 239.79
66.78 343.67
110.32 138.55
68.41 283.74
341.25 358.92
359.87 392.28
129.75 199.53
498.58 77.62
98.33 59.18
78.06 416.97
30.62 138.38
309.56 292.66
175.94 476.87
179.31 246.39
73.22 134.78
260.44 288.95
431.50 152.11
476.80 6.01
430.04 112.33
453.63 128.13
475.14 120.24
450.92 57.87
183.78 257.33
8.37 206.35
163.75 140.46
291.51 413.13
465.04 467.96
436.19 54.80
458.25 257.89
427.27 66.70
68.12 318.53
71.93 352.61
313.85 435.14
433.28 130.59
305.47 12.18
263.94 479.42
183.58 466.61
274.97 481.15
148.06 364.84
288.79 228.01
93.57 85.73
385.66 278.53
