380.05 493.49
149.78 301.39
34
119.84 106.08
384.12 469.66
43.73 474.89
457.94 77.51
223.77 325.47
124.69 225.35
421.07 362.51
253.65 133.97
119.76 236.47
336.97 416.08
499.97 474.73
209.81 293.20
237.75 294.09
335.25 53.54
315.66 342.43
151.60 374.57
350.77 429.83
158.23 368.90
141.82 137.94
328.53 175.18
316.39 11.34
62.64 243.64
324.22 162.98
148.16 184.39
74.93 287.17
392.06 407.14
316.37 204.88
371.70 128.23
231.68 329.88
253.82 34.83
429.78 238.15
154.99 424.54
269.78 179.34
114.28 204.26
