43.96 331.13
283.06 454.28
46
29.75 70.82
236.83 359.82
4.78 376.11
311.60 32.27
305.67 345.56
246.74 498.03
383.85 290.91
386.30 12.38
153.37 233.18
480.91 207.09
77.38 106.60
183.40 417.55
296.94 92.69
289.78 408.73
26.79 233.59
385.68 197.22
217.06 162.92
148.39 455.41
150.85 255.39
307.70 75.36
125.39 471.05
491.98 251.59
450.54 245.14
1.17 137.86
499.94 451.81
12.50 23.59
29.18 451.13
77.22 267.51
469.61 153.07
145.75 183.26
45.87 480.23
222.66 329.76
223.41 291.84
474.22 258.48
252.29 185.95
343.86 269.25
209.82 22.19
401.89 50.22
479.46 290.14
342.50 320.85
54.35 408.11
30.21 317.12
261.86 83.96
187.21 371.92
326.49 335.01
57.62 369.86
