465.47 137.85
268.90 324.76
96
213.05 207.57
56.99 273.10
2.20 460.41
84.09 280.92
492.54 117.89
376.95 481.74
50.35 222.44
33.69 160.80
8.78 148.83
468.71 164.39
353.48 17.05
57.74 6.35
208.53 262.45
442.60 261.26
472.52 179.52
208.20 156.90
14.53 138.70
90.01 272.55
209.02 491.55
468.01 399.93
52.26 319.82
205.81 118.50
91.43 118.63
380.34 291.69
468.47 67.92
107.49 90.52
322.99 44.48
29.14 263.52
430.23 295.11
386.31 289.13
329.56 437.37
349.58 356.61
474.21 104.23
339.79 338.46
37.74 226.15
352.70 343.37
496.62 137.00
84.52 39.44
424.93 240.33
189.91 259.47
433.95 469.48
42.16 36.61
326.97 349.59
66.49 488.85
49.96 189.70
323.85 475.72
345.14 307.25
374.73 123.35
203.96 33.08
452.61 62.50
447.73 424.84
308.08 380.06
218.69 83.86
466.73 354.18
230.71 47.19
69.43 462.45
458.16 295.62
38.47 23.91
336.12 120.66
456.51 83.56
409.02 373.97
347.29 485.93
69.93 277.88
345.38 260.99
29.16 86.84
453.56 484.38
411.24 202.85
361.99 421.03
269.33 110.08
39.78 150.31
209.24 263.36
263.48 306.48
62.24 31.15
20.24 112.66
437.62 11.28
35.83 248.91
417.16 182.97
152.15 177.06
415.37 94.04
62.21 68.58
110.81 315.69
380.22 336.48
172.08 223.91
296.93 48.20
63.23 170.28
330.11 218.23
212.19 272.10
210.58 202.50
386.62 437.85
28.48 132.88
282.54 172.70
44.64 322.38
231.64 225.32
485.84 46.11
41.69 100.13
433.68 416.12
