477.27 430.31
150.52 323.92
59
381.98 497.76
405.74 301.99
499.64 391.93
96.32 337.50
421.84 375.10
240.95 123.36
389.45 478.66
298.75 70.63
31.25 257.56
265.48 473.85
43.51 305.50
465.97 22.20
109.41 406.21
110.18 357.04
198.56 242.64
489.39 184.94
253.71 133.94
202.95 428.49
64.32 86.00
415.21 365.34
254.69 494.97
449.06 354.53
165.11 495.81
94.22 135.54
445.30 131.37
448.02 447.53
90.92 51.86
91.28 183.60
199.47 418.78
6.30 365.43
288.45 481.46
446.47 355.49
191.69 303.39
115.84 469.56
379.14 136.96
384.16 51.63
193.66 286.65
181.75 149.28
28.86 63.13
5.04 206.09
184.81 77.00
55.08 217.11
401.89 143.65
343.34 84.28
437.10 262.52
98.59 50.26
156.64 97.26
93.00 23.52
239.56 351.70
65.63 86.74
383.38 386.79
204.46 373.51
103.06 186.88
325.59 179.09
0.12 51.33
146.19 55.17
263.50 190.38
188.05 105.61
497.18 144.80
