42.88 111.90
282.99 167.80
91
260.30 350.11
257.49 177.21
381.34 112.25
87.35 116.07
309.42 461.44
409.60 86.36
440.47 467.68
357.27 96.08
363.82 306.44
262.66 38.79
480.30 351.25
39.19 155.49
246.14 374.54
439.50 250.60
354.15 263.12
256.27 51.66
181.00 13.18
469.56 334.35
411.97 432.70
426.25 433.14
292.70 468.93
345.94 255.18
283.03 414.40
345.90 485.62
238.09 120.87
7.75 249.54
90.78 247.28
79.57 373.61
205.67 179.75
127.42 466.61
247.33 323.91
472.25 183.24
288.53 254.68
408.46 496.12
271.11 475.88
53.15 328.86
127.87 114.15
28.55 320.10
407.31 222.05
476.41 448.46
245.41 158.38
369.07 414.40
280.53 447.78
300.24 204.30
102.17 111.90
197.67 208.60
435.64 285.89
388.07 273.92
320.33 237.62
262.48 32.75
368.17 391.84
192.72 21.73
274.34 413.81
432.67 435.49
290.37 183.17
83.09 409.94
309.92 326.85
362.90 225.12
100.23 48.57
357.55 410.24
388.07 252.22
131.81 321.87
154.99 435.58
303.83 460.64
40.29 172.45
338.29 154.30
350.78 84.07
439.19 460.79
489.30 148.27
466.70 306.96
42.79 245.26
22.88 110.83
222.37 412.54
478.03 279.56
141.49 463.65
104.07 71.08
109.76 309.72
444.93 385.42
308.90 163.87
202.71 432.92
37.73 45.48
368.63 72.31
287.65 471.71
21.18 38.00
172.37 22.45
271.75 305.76
466.71 49.95
462.27 401.50
462.85 201.63
357.71 30.26
30.33 234.72
