107.72 10.23
419.58 380.41
52
210.10 135.35
338.43 417.92
25.25 311.41
316.85 228.87
54.76 362.62
8.76 206.42
269.09 51.13
320.18 217.89
13.90 121.24
164.95 315.92
187.88 272.32
384.43 39.47
381.36 24.13
92.30 235.17
419.24 169.23
184.17 426.90
393.36 139.28
407.65 351.67
448.95 435.19
206.41 90.99
277.22 265.47
175.48 362.65
485.99 117.66
70.42 118.87
400.78 411.15
200.51 433.94
301.19 19.33
377.57 243.86
489.30 177.63
364.94 82.52
439.44 155.16
338.79 75.19
143.93 453.35
11.08 295.86
472.30 414.67
284.05 105.67
15.19 291.06
320.82 77.53
34.13 153.76
287.15 184.30
105.02 17.49
378.48 32.61
137.67 385.30
187.10 151.44
177.22 483.63
311.14 348.91
173.30 77.22
258.00 282.73
348.21 344.49
403.83 229.42
368.07 80.90
163.92 6.23
