172.95 254.31
196.71 111.36
36
159.42 360.65
17.47 51.20
82.70 367.72
242.06 225.92
44.62 436.02
237.19 12.99
263.43 458.67
402.49 195.61
98.07 269.75
136.36 285.61
318.22 267.51
472.47 361.67
75.10 278.53
305.07 228.77
464.52 133.68
185.54 356.79
27.73 124.58
301.09 356.63
437.55 404.37
186.07 343.57
423.73 47.90
488.07 492.34
202.44 325.83
174.51 27.50
235.35 478.42
225.62 70.32
319.79 217.50
15.51 230.76
331.63 167.71
161.70 190.21
322.21 427.19
329.31 286.12
339.07 192.82
188.54 271.70
446.10 27.22
472.34 185.16
