214.14 120.27
368.49 256.56
86
35.12 304.32
273.74 229.25
467.43 151.24
452.59 218.39
428.49 92.23
149.75 403.78
411.71 102.65
303.43 210.16
186.12 36.09
110.68 162.63
374.32 167.72
415.52 92.22
358.42 409.62
3.59 351.49
43.02 454.45
450.28 297.01
301.97 219.58
9.48 393.27
230.51 145.40
249.05 319.92
467.77 286.51
395.42 252.16
34.88 182.79
146.44 221.07
446.98 469.53
337.45 12.03
172.99 0.05
274.85 464.48
82.73 385.64
386.72 163.72
175.75 340.73
80.31 237.51
314.93 77.62
139.57 329.09
495.91 232.49
480.35 162.77
258.21 249.15
407.64 275.77
427.01 330.38
176.08 347.09
29.99 73.82
224.32 225.40
268.98 298.02
289.86 247.91
155.02 493.68
197.73 298.37
151.87 37.76
208.39 382.36
354.31 371.12
422.25 302.18
311.08 371.62
286.61 129.42
198.73 72.26
476.69 289.18
208.91 128.63
396.76 409.48
102.71 201.53
131.73 41.46
244.01 15.86
495.62 408.69
270.01 55.62
373.45 64.07
256.27 185.44
122.18 452.75
405.59 191.12
190.82 89.85
100.28 486.25
465.72 361.69
489.70 361.32
241.40 260.86
276.15 277.61
327.04 36.30
75.54 46.05
440.14 419.53
495.80 327.35
262.73 181.61
391.20 351.61
48.75 393.03
104.45 423.49
123.19 470.37
80.20 3.48
473.75 273.43
469.72 88.05
351.19 409.71
16.51 52.86
363.45 70.10
