2.74 130.25
83.18 434.92
70
412.89 487.73
253.25 345.08
309.65 344.80
13.16 135.57
90.78 210.45
496.97 117.16
68.82 210.75
96.00 51.12
170.54 215.38
340.14 230.72
155.37 316.28
194.82 378.93
237.15 211.30
321.64 283.10
34.88 216.41
232.78 301.53
307.95 237.58
486.11 115.70
75.82 257.41
215.53 489.41
495.46 212.76
408.51 334.91
267.78 98.48
151.72 391.14
469.19 97.37
15.15 72.75
151.09 365.45
166.37 243.95
494.07 382.38
222.44 14.06
329.79 328.44
83.63 54.87
124.23 389.11
263.77 222.01
263.91 77.07
325.89 296.99
71.69 417.47
456.29 301.12
353.70 99.78
31.79 243.93
189.97 350.09
422.04 204.54
126.02 450.30
118.02 87.43
383.08 461.94
407.05 279.45
274.42 243.14
20.60 266.28
391.22 296.75
457.76 79.13
18.67 359.27
255.35 203.49
29.27 5.51
34.24 29.34
55.01 488.56
191.83 120.40
9.56 180.80
209.34 410.36
470.23 157.30
271.95 166.89
448.28 322.83
265.23 184.81
112.93 76.60
456.75 23.30
110.81 303.93
113.15 283.88
91.61 208.37
91.80 316.62
390.13 348.13
19.34 122.85
