255.39 353.41
256.05 360.47
50
352.65 473.24
191.10 315.08
92.18 244.37
152.07 343.42
350.12 424.72
245.13 400.26
89.62 224.91
117.01 11.74
263.84 435.90
169.47 229.36
337.31 93.82
298.37 178.58
410.47 211.55
25.94 422.51
69.34 462.01
428.03 410.07
11.13 487.45
137.79 367.97
49.59 414.52
391.09 6.18
398.69 302.67
8.61 273.60
313.41 14.53
155.99 288.52
160.31 325.81
407.14 367.82
368.53 343.28
64.88 377.11
158.09 1.61
52.05 284.70
441.91 105.90
308.06 120.48
439.11 44.34
188.48 296.83
401.90 194.88
323.94 398.91
31.53 490.47
295.95 480.79
165.64 431.88
125.35 236.36
79.43 435.38
357.38 19.87
35.99 395.08
92.94 20.65
118.93 341.32
96.38 325.71
172.20 136.71
158.51 11.36
490.07 114.17
331.09 110.61
