132.87 95.84
207.22 324.08
56
36.43 234.97
189.48 49.43
246.63 66.41
108.12 219.15
176.56 496.90
446.07 174.97
219.58 400.81
491.08 150.61
288.32 275.96
71.62 253.27
249.92 364.82
41.30 108.53
86.46 192.61
187.31 132.18
82.34 428.25
122.71 446.68
395.58 482.10
125.37 142.04
274.91 359.45
257.65 243.24
175.93 429.24
206.11 10.20
457.84 479.76
284.32 498.94
200.26 293.83
403.18 204.11
21.70 272.72
65.05 287.35
484.61 340.67
103.60 281.93
415.34 146.44
153.03 488.99
492.46 291.85
166.43 260.79
41.20 403.87
340.83 297.38
102.08 100.20
81.97 140.39
98.73 396.53
435.91 394.60
45.37 80.00
123.51 380.72
258.53 195.90
434.00 166.35
298.35 390.10
493.36 477.18
411.40 388.52
343.22 420.97
314.00 384.20
198.33 292.63
210.03 400.80
238.88 345.39
406.81 275.46
147.40 293.49
237.16 449.32
214.62 129.96
