250.80 179.12
474.34 254.75
67
313.29 462.34
474.88 238.96
215.97 264.65
24.10 63.77
356.79 136.23
67.17 379.87
394.09 423.38
226.09 342.07
105.71 170.15
228.17 285.62
401.79 459.55
81.71 286.43
496.43 43.68
194.52 325.08
170.83 219.11
104.22 204.22
406.67 320.15
217.89 25.00
141.82 113.30
181.81 151.83
256.45 93.69
169.64 123.66
418.66 398.24
267.58 228.10
192.48 492.77
41.77 83.18
55.31 91.04
133.96 444.06
278.89 375.29
449.94 141.87
450.47 81.70
119.73 373.08
405.93 405.36
415.69 59.13
215.83 464.62
370.08 382.67
109.40 168.58
294.09 290.44
433.93 97.39
341.10 292.78
223.75 496.82
89.89 346.66
284.73 400.68
219.50 136.45
232.57 221.80
212.88 396.84
167.67 77.91
457.75 332.22
67.23 389.16
73.02 163.53
476.42 271.39
191.86 67.38
461.49 189.76
365.00 79.21
276.76 492.95
433.09 482.87
96.30 85.23
432.78 193.14
112.60 404.23
459.04 42.50
273.47 130.28
140.44 451.59
398.15 136.89
146.10 23.15
109.94 192.95
466.08 386.12
17.50 114.14
