108.63 316.94
381.41 324.50
96
213.44 274.98
110.76 45.36
444.58 493.63
386.22 276.65
191.62 64.24
106.31 223.29
345.10 67.49
357.23 430.50
364.17 107.41
320.84 381.85
315.25 488.91
168.21 71.95
223.50 323.86
193.56 133.71
203.59 171.83
433.02 323.44
496.45 312.57
438.31 157.14
13.42 3.09
384.99 16.10
161.74 406.76
461.71 5.87
230.12 89.69
475.81 433.22
165.99 273.08
156.22 135.18
417.41 463.87
217.66 198.62
199.13 248.63
233.78 220.93
249.10 80.94
439.21 336.83
116.94 472.79
188.24 207.18
93.78 144.98
114.80 444.54
346.64 420.35
395.88 2.51
262.25 188.29
138.96 456.68
492.22 164.91
80.76 251.52
364.18 313.61
315.41 59.67
411.63 274.55
366.93 9.41
93.33 66.97
112.59 379.44
247.32 284.84
269.85 323.67
477.74 414.25
254.72 125.87
39.01 88.57
98.87 194.74
441.63 19.66
427.29 412.89
379.10 8.75
43.21 245.82
35.54 359.65
156.30 448.51
76.33 459.58
108.32 69.58
411.75 235.11
3.63 431.85
161.93 489.32
421.48 385.11
110.95 289.57
383.13 278.60
414.86 50.21
310.41 139.68
145.34 207.33
48.40 499.16
390.03 178.66
299.14 184.76
234.08 237.99
390.50 94.71
313.03 110.54
308.54 188.79
20.66 271.66
301.26 234.24
383.03 124.84
125.23 234.19
56.31 459.43
146.03 374.13
21.11 253.18
205.61 196.93
243.52 305.85
422.41 447.00
296.59 367.38
136.25 391.33
109.28 188.73
482.52 178.68
22.08 170.19
407.29 345.65
298.02 366.09
425.97 250.86
