287.17 16.13
175.70 427.54
38
330.71 288.22
29.98 372.23
139.75 221.31
88.21 45.90
448.62 496.21
297.08 16.50
345.47 243.61
284.67 447.86
217.25 344.30
101.58 240.86
136.22 473.56
122.15 476.63
238.48 63.54
480.72 428.58
108.70 3.50
391.24 25.20
480.03 320.69
286.70 68.55
64.52 412.31
250.93 327.94
252.53 263.23
59.20 451.53
334.45 138.79
193.35 195.75
415.55 121.50
61.72 364.15
324.04 100.61
424.35 11.28
52.78 93.99
180.48 389.83
359.60 333.18
290.48 175.59
78.58 146.05
84.55 111.85
335.68 202.38
443.26 289.68
170.92 218.62
349.82 417.14
