93.38 468.43
463.88 389.46
70
247.16 36.33
40.18 312.99
472.51 19.21
353.91 215.28
254.55 200.99
39.52 134.15
183.59 123.62
186.08 435.12
87.00 241.15
47.99 37.10
477.52 130.23
194.54 97.21
305.50 493.97
98.64 287.45
227.05 84.98
183.52 0.68
381.16 172.28
48.77 232.39
346.02 481.47
110.21 323.32
88.44 452.13
405.60 424.18
123.07 5.13
283.91 229.05
132.37 256.28
223.24 449.70
26.46 185.72
456.88 263.69
315.35 16.87
487.89 32.41
176.73 270.78
423.94 224.70
480.56 228.09
429.14 9.28
433.89 423.54
3.31 52.34
176.71 4.06
313.43 328.72
372.04 319.79
128.51 299.32
242.64 20.98
71.45 376.79
245.88 451.52
147.76 436.39
484.00 55.50
285.87 69.07
359.45 225.20
387.57 436.27
365.79 353.14
205.42 410.86
406.64 421.42
262.19 200.65
293.55 220.85
368.14 369.76
135.72 479.70
370.67 343.32
212.75 206.75
422.27 18.18
56.73 445.10
342.28 206.02
143.83 433.10
124.58 351.03
330.80 210.72
9.51 306.58
241.10 162.47
62.52 257.73
202.40 212.69
241.11 395.35
166.71 427.50
25.05 0.99
