404.48 66.07
430.28 144.99
84
104.47 335.36
430.83 456.06
2.05 412.12
419.89 43.40
404.31 240.70
499.53 90.04
322.51 435.16
255.34 42.11
220.08 423.76
168.52 368.90
116.58 428.57
1.37 28.51
142.05 367.96
343.75 404.93
93.31 278.39
353.96 66.59
211.69 292.11
478.29 124.02
359.60 378.23
356.22 62.02
339.41 487.88
304.15 377.14
41.55 392.85
68.22 35.89
171.85 339.67
329.60 115.58
85.45 224.81
448.02 381.11
295.48 107.29
256.94 354.44
2.33 174.65
320.88 16.48
17.19 391.08
419.43 368.08
295.48 101.23
315.15 260.31
48.48 280.04
127.51 56.90
397.03 436.37
32.44 153.97
247.79 103.08
21.77 327.54
30.83 139.27
161.42 409.78
94.30 384.74
283.58 197.07
159.51 323.74
151.96 54.75
243.63 239.77
238.70 411.13
390.82 483.67
498.59 233.61
277.98 28.85
433.84 0.78
106.16 284.63
262.23 349.32
40.05 56.77
167.03 216.70
129.96 178.63
215.00 467.33
364.05 9.44
209.43 418.96
496.97 5.80
483.40 80.42
192.60 72.48
209.75 341.06
113.52 361.81
377.50 156.97
178.97 488.51
327.87 32.43
482.44 334.09
1.24 286.83
168.00 102.34
62.41 483.42
270.45 430.10
169.71 234.96
429.58 442.56
105.09 212.83
473.70 22.49
418.95 257.39
371.03 393.28
382.59 121.93
293.87 79.96
434.34 491.94
