200.14 278.47
304.66 411.00
77
180.56 213.42
398.80 49.67
242.15 238.01
237.21 284.49
6.61 40.71
163.54 190.23
120.68 318.05
471.68 96.88
216.82 29.83
305.55 295.97
433.48 442.85
399.32 407.63
26.14 397.72
43.02 71.47
203.28 107.78
38.74 155.32
387.24 304.37
115.75 485.26
277.23 442.99
281.36 380.37
317.61 110.53
112.17 208.38
249.72 51.88
372.12 219.82
463.04 390.79
59.46 387.39
413.94 23.53
479.05 408.02
88.49 280.78
60.84 37.89
269.72 133.85
73.08 289.49
489.16 320.08
39.71 457.91
72.22 381.09
434.66 254.88
206.97 478.08
68.00 389.80
399.42 477.01
75.34 277.15
131.40 455.37
384.64 205.93
46.66 227.45
212.85 366.71
324.06 395.81
332.41 310.62
147.78 275.03
492.55 342.19
118.43 374.67
4.48 298.70
185.01 412.45
92.71 104.53
332.42 450.43
307.29 152.90
359.86 163.35
386.37 232.65
64.92 70.39
104.21 410.06
427.36 138.51
394.03 435.61
341.85 394.35
372.56 117.12
389.26 284.61
385.88 460.16
491.31 489.23
456.11 407.35
348.45 432.12
209.43 455.35
16.14 314.94
247.87 415.31
133.86 282.90
251.82 390.05
0.79 262.96
144.21 314.86
404.71 31.65
404.07 205.91
271.31 333.45
