141.30 274.61
441.15 425.82
53
278.81 378.92
451.00 426.69
379.85 116.98
499.15 130.64
187.52 149.75
372.76 495.92
383.16 214.30
320.83 231.90
51.23 90.94
431.68 251.68
465.49 449.02
145.58 314.57
487.70 272.02
415.33 27.40
94.81 487.65
382.60 434.94
16.17 259.22
187.72 484.83
96.57 114.29
298.47 448.25
274.74 42.39
388.49 385.54
354.20 25.97
441.78 35.82
497.33 134.96
249.89 343.66
374.22 472.32
344.85 455.89
85.61 407.67
141.41 240.94
455.43 351.59
199.65 84.22
451.25 105.03
274.18 186.39
131.58 403.35
117.92 329.46
167.80 261.07
226.44 303.44
333.55 10.88
409.60 188.66
270.90 484.85
373.14 396.64
379.35 226.61
203.37 122.11
351.14 106.91
330.59 203.52
138.20 171.57
150.73 344.20
477.15 389.09
451.15 10.83
487.12 26.88
204.98 81.78
398.02 5.79
