200 100
87 4
37 27
22 31
96 51
13 21
86 65
28 82
19 42
76 62
16 73
7 51
87 51
91 97
72 69
87 96
12 84
59 97
84 92
90 90
69 80
86 98
56 33
51 73
13 99
69 72
53 26
86 85
36 90
34 48
95 55
63 15
81 38
32 75
75 30
56 33
55 64
92 84
5 87
48 29
88 33
51 1
44 38
30 47
53 15
32 47
46 67
71 70
91 29
79 44
93 59
49 27
59 20
24 35
77 56
1 82
29 82
3 14
82 97
55 13
11 22
77 16
44 92
30 91
83 9
19 1
73 9
43 69
79 12
45 11
84 40
65 41
21 14
64 6
52 58
18 99
43 59
83 42
53 27
56 22
13 52
60 94
48 44
8 61
50 57
28 76
20 16
74 85
60 82
68 41
66 82
66 6
63 64
98 99
68 90
9 85
93 18
30 8
94 78
45 28
25 25
78 43
46 23
90 60
13 10
16 15
82 9
74 83
97 70
93 59
44 30
14 4
79 21
100 84
8 7
45 74
7 49
38 5
50 16
16 66
67 64
78 49
11 12
57 50
11 19
61 37
82 67
80 38
3 64
4 18
2 34
74 95
0 97
55 38
77 70
55 11
62 78
5 30
86 26
69 63
81 24
6 81
100 83
46 43
7 11
52 55
55 0
20 68
72 30
56 7
19 17
74 24
71 15
24 33
42 7
97 71
77 53
93 70
13 45
91 26
70 15
23 91
37 29
68 15
12 8
44 51
14 43
13 81
7 72
79 94
0 17
63 16
63 49
74 66
88 27
51 5
11 8
24 42
64 98
34 1
80 75
31 3
42 78
66 20
46 39
33 58
78 93
89 68
34 75
73 81
83 0
50 92
5 70
11 80
53 5
20 33
19 41
92 98
9 85
20 29
25 91
0 0
