160 89
0 76
6 85
94 27
66 34
71 45
17 72
47 52
37 34
35 67
49 14
56 61
19 78
56 75
16 38
41 51
84 2
43 87
46 20
68 54
43 81
70 33
4 86
86 94
45 20
10 53
77 50
93 9
45 1
90 96
82 30
44 35
34 45
73 62
44 28
84 39
36 60
35 8
24 28
14 95
85 2
10 72
44 91
60 34
76 67
34 47
97 91
48 63
86 48
56 48
18 87
87 51
61 37
71 20
8 35
81 16
9 16
57 75
22 33
78 66
88 31
9 58
33 36
47 0
9 39
16 94
89 81
35 54
38 88
78 77
10 45
42 35
27 56
34 19
88 19
67 8
67 40
8 33
36 68
97 34
4 15
77 23
43 4
46 6
29 69
59 74
64 48
94 97
28 62
89 93
38 15
87 96
13 30
47 58
83 61
80 72
99 74
9 11
58 78
86 39
55 55
23 38
38 96
62 40
15 99
44 27
83 82
25 88
93 25
16 48
86 66
99 22
24 39
37 1
55 73
36 0
29 28
66 45
36 34
52 47
71 58
12 3
49 80
3 22
42 25
82 73
38 17
48 10
68 80
12 89
25 13
94 49
43 87
17 52
81 26
83 74
15 30
12 61
21 56
99 42
100 79
62 81
21 89
40 27
19 23
98 94
17 16
21 47
72 38
44 26
1 48
6 64
30 22
13 63
81 4
100 11
35 85
35 19
0 41
56 27
10 28
0 0
