120 113
0 52
82 53
79 85
33 97
76 17
19 89
49 45
95 94
80 43
68 61
39 73
96 86
50 38
38 89
18 46
39 66
43 86
8 58
59 18
83 34
79 6
38 18
23 25
33 85
41 15
43 27
61 58
16 57
11 27
2 40
8 53
98 67
19 50
41 42
15 71
83 49
76 66
76 47
5 96
65 16
25 61
56 76
62 89
97 88
19 4
56 51
97 87
97 43
96 53
42 74
52 71
16 7
86 40
68 86
44 2
34 23
100 16
43 30
86 23
50 59
21 90
63 57
54 99
7 100
42 50
90 74
67 70
19 60
97 50
11 91
96 45
78 1
88 12
80 91
71 42
6 67
26 51
23 10
80 99
47 98
82 42
80 99
84 42
49 80
55 20
6 0
71 38
73 36
30 83
22 12
81 35
25 35
72 78
80 57
63 88
94 81
96 87
12 100
73 85
99 46
12 88
0 20
27 14
88 41
40 5
5 57
65 56
83 44
17 15
20 100
48 62
82 34
70 45
69 3
91 50
36 17
17 55
22 83
40 36
98 17
0 0
