100 100
96 43
69 16
69 73
62 88
37 60
60 15
28 92
23 55
55 49
48 56
14 86
39 80
58 53
17 73
42 52
1 37
61 77
49 22
97 69
100 51
66 65
45 70
56 73
90 47
38 21
42 41
70 49
4 49
45 89
59 62
47 88
53 26
67 28
53 56
23 4
63 28
39 53
72 90
47 2
84 85
47 85
7 32
89 10
86 2
29 8
87 54
11 29
68 94
40 80
44 57
62 19
81 47
91 35
73 22
94 5
73 96
22 93
46 80
17 48
12 24
35 55
6 41
59 72
46 63
20 96
68 10
8 90
30 17
72 7
100 47
15 64
62 29
99 63
63 22
75 30
30 62
43 31
93 63
95 86
17 17
63 22
23 91
51 50
28 7
51 68
41 33
97 17
95 79
95 70
60 85
5 12
99 94
35 95
6 93
48 87
79 30
42 90
85 8
52 9
3 70
0 0
