40

14 143.301705974
-2.01028644753 -60.8294896959
28.814921758 72.9438669153
-4.75327333786 8.38294226832
-46.1066162459 97.8367579856
-99.4640732472 -88.3735357176
-82.1803559638 -52.9055884291
-40.0818319189 80.8635012837
16.2908649163 -36.6335136402
9.70159802877 -81.0308905946
87.9364039121 -95.2248358126
-4.02432606733 49.100920645
81.5952881637 9.29227328578
-82.4404963026 -35.7781908022
88.4222853923 0.324311951848

14 143.301705974
-2.01028644753 -60.8294896959
28.814921758 72.9438669153
-4.75327333786 8.38294226832
-46.1066162459 97.8367579856
-99.4640732472 -88.3735357176
-82.1803559638 -52.9055884291
-40.0818319189 80.8635012837
16.2908649163 -36.6335136402
9.70159802877 -81.0308905946
87.9364039121 -95.2248358126
-4.02432606733 49.100920645
81.5952881637 9.29227328578
-82.4404963026 -35.7781908022
88.4222853923 0.324311951848

14 143.301705974
-2.01028644753 -60.8294896959
28.814921758 72.9438669153
-4.75327333786 8.38294226832
-46.1066162459 97.8367579856
-99.4640732472 -88.3735357176
-82.1803559638 -52.9055884291
-40.0818319189 80.8635012837
16.2908649163 -36.6335136402
9.70159802877 -81.0308905946
87.9364039121 -95.2248358126
-4.02432606733 49.100920645
81.5952881637 9.29227328578
-82.4404963026 -35.7781908022
88.4222853923 0.324311951848

14 143.301705974
-2.01028644753 -60.8294896959
28.814921758 72.9438669153
-4.75327333786 8.38294226832
-46.1066162459 97.8367579856
-99.4640732472 -88.3735357176
-82.1803559638 -52.9055884291
-40.0818319189 80.8635012837
16.2908649163 -36.6335136402
9.70159802877 -81.0308905946
87.9364039121 -95.2248358126
-4.02432606733 49.100920645
81.5952881637 9.29227328578
-82.4404963026 -35.7781908022
88.4222853923 0.324311951848

14 143.301705974
-2.01028644753 -60.8294896959
28.814921758 72.9438669153
-4.75327333786 8.38294226832
-46.1066162459 97.8367579856
-99.4640732472 -88.3735357176
-82.1803559638 -52.9055884291
-40.0818319189 80.8635012837
16.2908649163 -36.6335136402
9.70159802877 -81.0308905946
87.9364039121 -95.2248358126
-4.02432606733 49.100920645
81.5952881637 9.29227328578
-82.4404963026 -35.7781908022
88.4222853923 0.324311951848

14 143.301705974
-2.01028644753 -60.8294896959
28.814921758 72.9438669153
-4.75327333786 8.38294226832
-46.1066162459 97.8367579856
-99.4640732472 -88.3735357176
-82.1803559638 -52.9055884291
-40.0818319189 80.8635012837
16.2908649163 -36.6335136402
9.70159802877 -81.0308905946
87.9364039121 -95.2248358126
-4.02432606733 49.100920645
81.5952881637 9.29227328578
-82.4404963026 -35.7781908022
88.4222853923 0.324311951848

14 143.301705974
-2.01028644753 -60.8294896959
28.814921758 72.9438669153
-4.75327333786 8.38294226832
-46.1066162459 97.8367579856
-99.4640732472 -88.3735357176
-82.1803559638 -52.9055884291
-40.0818319189 80.8635012837
16.2908649163 -36.6335136402
9.70159802877 -81.0308905946
87.9364039121 -95.2248358126
-4.02432606733 49.100920645
81.5952881637 9.29227328578
-82.4404963026 -35.7781908022
88.4222853923 0.324311951848

14 143.301705974
-2.01028644753 -60.8294896959
28.814921758 72.9438669153
-4.75327333786 8.38294226832
-46.1066162459 97.8367579856
-99.4640732472 -88.3735357176
-82.1803559638 -52.9055884291
-40.0818319189 80.8635012837
16.2908649163 -36.6335136402
9.70159802877 -81.0308905946
87.9364039121 -95.2248358126
-4.02432606733 49.100920645
81.5952881637 9.29227328578
-82.4404963026 -35.7781908022
88.4222853923 0.324311951848

14 143.301705974
-2.01028644753 -60.8294896959
28.814921758 72.9438669153
-4.75327333786 8.38294226832
-46.1066162459 97.8367579856
-99.4640732472 -88.3735357176
-82.1803559638 -52.9055884291
-40.0818319189 80.8635012837
16.2908649163 -36.6335136402
9.70159802877 -81.0308905946
87.9364039121 -95.2248358126
-4.02432606733 49.100920645
81.5952881637 9.29227328578
-82.4404963026 -35.7781908022
88.4222853923 0.324311951848

14 143.301705974
-2.01028644753 -60.8294896959
28.814921758 72.9438669153
-4.75327333786 8.38294226832
-46.1066162459 97.8367579856
-99.4640732472 -88.3735357176
-82.1803559638 -52.9055884291
-40.0818319189 80.8635012837
16.2908649163 -36.6335136402
9.70159802877 -81.0308905946
87.9364039121 -95.2248358126
-4.02432606733 49.100920645
81.5952881637 9.29227328578
-82.4404963026 -35.7781908022
88.4222853923 0.324311951848

14 143.301705974
-2.01028644753 -60.8294896959
28.814921758 72.9438669153
-4.75327333786 8.38294226832
-46.1066162459 97.8367579856
-99.4640732472 -88.3735357176
-82.1803559638 -52.9055884291
-40.0818319189 80.8635012837
16.2908649163 -36.6335136402
9.70159802877 -81.0308905946
87.9364039121 -95.2248358126
-4.02432606733 49.100920645
81.5952881637 9.29227328578
-82.4404963026 -35.7781908022
88.4222853923 0.324311951848

14 143.301705974
-2.01028644753 -60.8294896959
28.814921758 72.9438669153
-4.75327333786 8.38294226832
-46.1066162459 97.8367579856
-99.4640732472 -88.3735357176
-82.1803559638 -52.9055884291
-40.0818319189 80.8635012837
16.2908649163 -36.6335136402
9.70159802877 -81.0308905946
87.9364039121 -95.2248358126
-4.02432606733 49.100920645
81.5952881637 9.29227328578
-82.4404963026 -35.7781908022
88.4222853923 0.324311951848

14 143.301705974
-2.01028644753 -60.8294896959
28.814921758 72.9438669153
-4.75327333786 8.38294226832
-46.1066162459 97.8367579856
-99.4640732472 -88.3735357176
-82.1803559638 -52.9055884291
-40.0818319189 80.8635012837
16.2908649163 -36.6335136402
9.70159802877 -81.0308905946
87.9364039121 -95.2248358126
-4.02432606733 49.100920645
81.5952881637 9.29227328578
-82.4404963026 -35.7781908022
88.4222853923 0.324311951848

14 143.301705974
-2.01028644753 -60.8294896959
28.814921758 72.9438669153
-4.75327333786 8.38294226832
-46.1066162459 97.8367579856
-99.4640732472 -88.3735357176
-82.1803559638 -52.9055884291
-40.0818319189 80.8635012837
16.2908649163 -36.6335136402
9.70159802877 -81.0308905946
87.9364039121 -95.2248358126
-4.02432606733 49.100920645
81.5952881637 9.29227328578
-82.4404963026 -35.7781908022
88.4222853923 0.324311951848

14 143.301705974
-2.01028644753 -60.8294896959
28.814921758 72.9438669153
-4.75327333786 8.38294226832
-46.1066162459 97.8367579856
-99.4640732472 -88.3735357176
-82.1803559638 -52.9055884291
-40.0818319189 80.8635012837
16.2908649163 -36.6335136402
9.70159802877 -81.0308905946
87.9364039121 -95.2248358126
-4.02432606733 49.100920645
81.5952881637 9.29227328578
-82.4404963026 -35.7781908022
88.4222853923 0.324311951848

14 143.301705974
-2.01028644753 -60.8294896959
28.814921758 72.9438669153
-4.75327333786 8.38294226832
-46.1066162459 97.8367579856
-99.4640732472 -88.3735357176
-82.1803559638 -52.9055884291
-40.0818319189 80.8635012837
16.2908649163 -36.6335136402
9.70159802877 -81.0308905946
87.9364039121 -95.2248358126
-4.02432606733 49.100920645
81.5952881637 9.29227328578
-82.4404963026 -35.7781908022
88.4222853923 0.324311951848

14 143.301705974
-2.01028644753 -60.8294896959
28.814921758 72.9438669153
-4.75327333786 8.38294226832
-46.1066162459 97.8367579856
-99.4640732472 -88.3735357176
-82.1803559638 -52.9055884291
-40.0818319189 80.8635012837
16.2908649163 -36.6335136402
9.70159802877 -81.0308905946
87.9364039121 -95.2248358126
-4.02432606733 49.100920645
81.5952881637 9.29227328578
-82.4404963026 -35.7781908022
88.4222853923 0.324311951848

14 143.301705974
-2.01028644753 -60.8294896959
28.814921758 72.9438669153
-4.75327333786 8.38294226832
-46.1066162459 97.8367579856
-99.4640732472 -88.3735357176
-82.1803559638 -52.9055884291
-40.0818319189 80.8635012837
16.2908649163 -36.6335136402
9.70159802877 -81.0308905946
87.9364039121 -95.2248358126
-4.02432606733 49.100920645
81.5952881637 9.29227328578
-82.4404963026 -35.7781908022
88.4222853923 0.324311951848

14 143.301705974
-2.01028644753 -60.8294896959
28.814921758 72.9438669153
-4.75327333786 8.38294226832
-46.1066162459 97.8367579856
-99.4640732472 -88.3735357176
-82.1803559638 -52.9055884291
-40.0818319189 80.8635012837
16.2908649163 -36.6335136402
9.70159802877 -81.0308905946
87.9364039121 -95.2248358126
-4.02432606733 49.100920645
81.5952881637 9.29227328578
-82.4404963026 -35.7781908022
88.4222853923 0.324311951848

14 143.301705974
-2.01028644753 -60.8294896959
28.814921758 72.9438669153
-4.75327333786 8.38294226832
-46.1066162459 97.8367579856
-99.4640732472 -88.3735357176
-82.1803559638 -52.9055884291
-40.0818319189 80.8635012837
16.2908649163 -36.6335136402
9.70159802877 -81.0308905946
87.9364039121 -95.2248358126
-4.02432606733 49.100920645
81.5952881637 9.29227328578
-82.4404963026 -35.7781908022
88.4222853923 0.324311951848

14 143.301705974
-2.01028644753 -60.8294896959
28.814921758 72.9438669153
-4.75327333786 8.38294226832
-46.1066162459 97.8367579856
-99.4640732472 -88.3735357176
-82.1803559638 -52.9055884291
-40.0818319189 80.8635012837
16.2908649163 -36.6335136402
9.70159802877 -81.0308905946
87.9364039121 -95.2248358126
-4.02432606733 49.100920645
81.5952881637 9.29227328578
-82.4404963026 -35.7781908022
88.4222853923 0.324311951848

14 143.301705974
-2.01028644753 -60.8294896959
28.814921758 72.9438669153
-4.75327333786 8.38294226832
-46.1066162459 97.8367579856
-99.4640732472 -88.3735357176
-82.1803559638 -52.9055884291
-40.0818319189 80.8635012837
16.2908649163 -36.6335136402
9.70159802877 -81.0308905946
87.9364039121 -95.2248358126
-4.02432606733 49.100920645
81.5952881637 9.29227328578
-82.4404963026 -35.7781908022
88.4222853923 0.324311951848

14 143.301705974
-2.01028644753 -60.8294896959
28.814921758 72.9438669153
-4.75327333786 8.38294226832
-46.1066162459 97.8367579856
-99.4640732472 -88.3735357176
-82.1803559638 -52.9055884291
-40.0818319189 80.8635012837
16.2908649163 -36.6335136402
9.70159802877 -81.0308905946
87.9364039121 -95.2248358126
-4.02432606733 49.100920645
81.5952881637 9.29227328578
-82.4404963026 -35.7781908022
88.4222853923 0.324311951848

14 143.301705974
-2.01028644753 -60.8294896959
28.814921758 72.9438669153
-4.75327333786 8.38294226832
-46.1066162459 97.8367579856
-99.4640732472 -88.3735357176
-82.1803559638 -52.9055884291
-40.0818319189 80.8635012837
16.2908649163 -36.6335136402
9.70159802877 -81.0308905946
87.9364039121 -95.2248358126
-4.02432606733 49.100920645
81.5952881637 9.29227328578
-82.4404963026 -35.7781908022
88.4222853923 0.324311951848

14 143.301705974
-2.01028644753 -60.8294896959
28.814921758 72.9438669153
-4.75327333786 8.38294226832
-46.1066162459 97.8367579856
-99.4640732472 -88.3735357176
-82.1803559638 -52.9055884291
-40.0818319189 80.8635012837
16.2908649163 -36.6335136402
9.70159802877 -81.0308905946
87.9364039121 -95.2248358126
-4.02432606733 49.100920645
81.5952881637 9.29227328578
-82.4404963026 -35.7781908022
88.4222853923 0.324311951848

14 143.301705974
-2.01028644753 -60.8294896959
28.814921758 72.9438669153
-4.75327333786 8.38294226832
-46.1066162459 97.8367579856
-99.4640732472 -88.3735357176
-82.1803559638 -52.9055884291
-40.0818319189 80.8635012837
16.2908649163 -36.6335136402
9.70159802877 -81.0308905946
87.9364039121 -95.2248358126
-4.02432606733 49.100920645
81.5952881637 9.29227328578
-82.4404963026 -35.7781908022
88.4222853923 0.324311951848

14 143.301705974
-2.01028644753 -60.8294896959
28.814921758 72.9438669153
-4.75327333786 8.38294226832
-46.1066162459 97.8367579856
-99.4640732472 -88.3735357176
-82.1803559638 -52.9055884291
-40.0818319189 80.8635012837
16.2908649163 -36.6335136402
9.70159802877 -81.0308905946
87.9364039121 -95.2248358126
-4.02432606733 49.100920645
81.5952881637 9.29227328578
-82.4404963026 -35.7781908022
88.4222853923 0.324311951848

14 143.301705974
-2.01028644753 -60.8294896959
28.814921758 72.9438669153
-4.75327333786 8.38294226832
-46.1066162459 97.8367579856
-99.4640732472 -88.3735357176
-82.1803559638 -52.9055884291
-40.0818319189 80.8635012837
16.2908649163 -36.6335136402
9.70159802877 -81.0308905946
87.9364039121 -95.2248358126
-4.02432606733 49.100920645
81.5952881637 9.29227328578
-82.4404963026 -35.7781908022
88.4222853923 0.324311951848

14 143.301705974
-2.01028644753 -60.8294896959
28.814921758 72.9438669153
-4.75327333786 8.38294226832
-46.1066162459 97.8367579856
-99.4640732472 -88.3735357176
-82.1803559638 -52.9055884291
-40.0818319189 80.8635012837
16.2908649163 -36.6335136402
9.70159802877 -81.0308905946
87.9364039121 -95.2248358126
-4.02432606733 49.100920645
81.5952881637 9.29227328578
-82.4404963026 -35.7781908022
88.4222853923 0.324311951848

14 143.301705974
-2.01028644753 -60.8294896959
28.814921758 72.9438669153
-4.75327333786 8.38294226832
-46.1066162459 97.8367579856
-99.4640732472 -88.3735357176
-82.1803559638 -52.9055884291
-40.0818319189 80.8635012837
16.2908649163 -36.6335136402
9.70159802877 -81.0308905946
87.9364039121 -95.2248358126
-4.02432606733 49.100920645
81.5952881637 9.29227328578
-82.4404963026 -35.7781908022
88.4222853923 0.324311951848

14 143.301705974
-2.01028644753 -60.8294896959
28.814921758 72.9438669153
-4.75327333786 8.38294226832
-46.1066162459 97.8367579856
-99.4640732472 -88.3735357176
-82.1803559638 -52.9055884291
-40.0818319189 80.8635012837
16.2908649163 -36.6335136402
9.70159802877 -81.0308905946
87.9364039121 -95.2248358126
-4.02432606733 49.100920645
81.5952881637 9.29227328578
-82.4404963026 -35.7781908022
88.4222853923 0.324311951848

14 143.301705974
-2.01028644753 -60.8294896959
28.814921758 72.9438669153
-4.75327333786 8.38294226832
-46.1066162459 97.8367579856
-99.4640732472 -88.3735357176
-82.1803559638 -52.9055884291
-40.0818319189 80.8635012837
16.2908649163 -36.6335136402
9.70159802877 -81.0308905946
87.9364039121 -95.2248358126
-4.02432606733 49.100920645
81.5952881637 9.29227328578
-82.4404963026 -35.7781908022
88.4222853923 0.324311951848

14 143.301705974
-2.01028644753 -60.8294896959
28.814921758 72.9438669153
-4.75327333786 8.38294226832
-46.1066162459 97.8367579856
-99.4640732472 -88.3735357176
-82.1803559638 -52.9055884291
-40.0818319189 80.8635012837
16.2908649163 -36.6335136402
9.70159802877 -81.0308905946
87.9364039121 -95.2248358126
-4.02432606733 49.100920645
81.5952881637 9.29227328578
-82.4404963026 -35.7781908022
88.4222853923 0.324311951848

14 143.301705974
-2.01028644753 -60.8294896959
28.814921758 72.9438669153
-4.75327333786 8.38294226832
-46.1066162459 97.8367579856
-99.4640732472 -88.3735357176
-82.1803559638 -52.9055884291
-40.0818319189 80.8635012837
16.2908649163 -36.6335136402
9.70159802877 -81.0308905946
87.9364039121 -95.2248358126
-4.02432606733 49.100920645
81.5952881637 9.29227328578
-82.4404963026 -35.7781908022
88.4222853923 0.324311951848

14 143.301705974
-2.01028644753 -60.8294896959
28.814921758 72.9438669153
-4.75327333786 8.38294226832
-46.1066162459 97.8367579856
-99.4640732472 -88.3735357176
-82.1803559638 -52.9055884291
-40.0818319189 80.8635012837
16.2908649163 -36.6335136402
9.70159802877 -81.0308905946
87.9364039121 -95.2248358126
-4.02432606733 49.100920645
81.5952881637 9.29227328578
-82.4404963026 -35.7781908022
88.4222853923 0.324311951848

14 143.301705974
-2.01028644753 -60.8294896959
28.814921758 72.9438669153
-4.75327333786 8.38294226832
-46.1066162459 97.8367579856
-99.4640732472 -88.3735357176
-82.1803559638 -52.9055884291
-40.0818319189 80.8635012837
16.2908649163 -36.6335136402
9.70159802877 -81.0308905946
87.9364039121 -95.2248358126
-4.02432606733 49.100920645
81.5952881637 9.29227328578
-82.4404963026 -35.7781908022
88.4222853923 0.324311951848

14 143.301705974
-2.01028644753 -60.8294896959
28.814921758 72.9438669153
-4.75327333786 8.38294226832
-46.1066162459 97.8367579856
-99.4640732472 -88.3735357176
-82.1803559638 -52.9055884291
-40.0818319189 80.8635012837
16.2908649163 -36.6335136402
9.70159802877 -81.0308905946
87.9364039121 -95.2248358126
-4.02432606733 49.100920645
81.5952881637 9.29227328578
-82.4404963026 -35.7781908022
88.4222853923 0.324311951848

14 143.301705974
-2.01028644753 -60.8294896959
28.814921758 72.9438669153
-4.75327333786 8.38294226832
-46.1066162459 97.8367579856
-99.4640732472 -88.3735357176
-82.1803559638 -52.9055884291
-40.0818319189 80.8635012837
16.2908649163 -36.6335136402
9.70159802877 -81.0308905946
87.9364039121 -95.2248358126
-4.02432606733 49.100920645
81.5952881637 9.29227328578
-82.4404963026 -35.7781908022
88.4222853923 0.324311951848

14 143.301705974
-2.01028644753 -60.8294896959
28.814921758 72.9438669153
-4.75327333786 8.38294226832
-46.1066162459 97.8367579856
-99.4640732472 -88.3735357176
-82.1803559638 -52.9055884291
-40.0818319189 80.8635012837
16.2908649163 -36.6335136402
9.70159802877 -81.0308905946
87.9364039121 -95.2248358126
-4.02432606733 49.100920645
81.5952881637 9.29227328578
-82.4404963026 -35.7781908022
88.4222853923 0.324311951848

14 143.301705974
-2.01028644753 -60.8294896959
28.814921758 72.9438669153
-4.75327333786 8.38294226832
-46.1066162459 97.8367579856
-99.4640732472 -88.3735357176
-82.1803559638 -52.9055884291
-40.0818319189 80.8635012837
16.2908649163 -36.6335136402
9.70159802877 -81.0308905946
87.9364039121 -95.2248358126
-4.02432606733 49.100920645
81.5952881637 9.29227328578
-82.4404963026 -35.7781908022
88.4222853923 0.324311951848
