40

4 161.413783651
26.5410352374 16.0236536749
-32.5606833827 -82.5352753214
-71.6952126906 -77.0417958838
45.2579542845 -61.6292443028

4 161.413783651
26.5410352374 16.0236536749
-32.5606833827 -82.5352753214
-71.6952126906 -77.0417958838
45.2579542845 -61.6292443028

4 161.413783651
26.5410352374 16.0236536749
-32.5606833827 -82.5352753214
-71.6952126906 -77.0417958838
45.2579542845 -61.6292443028

4 161.413783651
26.5410352374 16.0236536749
-32.5606833827 -82.5352753214
-71.6952126906 -77.0417958838
45.2579542845 -61.6292443028

4 161.413783651
26.5410352374 16.0236536749
-32.5606833827 -82.5352753214
-71.6952126906 -77.0417958838
45.2579542845 -61.6292443028

4 161.413783651
26.5410352374 16.0236536749
-32.5606833827 -82.5352753214
-71.6952126906 -77.0417958838
45.2579542845 -61.6292443028

4 161.413783651
26.5410352374 16.0236536749
-32.5606833827 -82.5352753214
-71.6952126906 -77.0417958838
45.2579542845 -61.6292443028

4 161.413783651
26.5410352374 16.0236536749
-32.5606833827 -82.5352753214
-71.6952126906 -77.0417958838
45.2579542845 -61.6292443028

4 161.413783651
26.5410352374 16.0236536749
-32.5606833827 -82.5352753214
-71.6952126906 -77.0417958838
45.2579542845 -61.6292443028

4 161.413783651
26.5410352374 16.0236536749
-32.5606833827 -82.5352753214
-71.6952126906 -77.0417958838
45.2579542845 -61.6292443028

4 161.413783651
26.5410352374 16.0236536749
-32.5606833827 -82.5352753214
-71.6952126906 -77.0417958838
45.2579542845 -61.6292443028

4 161.413783651
26.5410352374 16.0236536749
-32.5606833827 -82.5352753214
-71.6952126906 -77.0417958838
45.2579542845 -61.6292443028

4 161.413783651
26.5410352374 16.0236536749
-32.5606833827 -82.5352753214
-71.6952126906 -77.0417958838
45.2579542845 -61.6292443028

4 161.413783651
26.5410352374 16.0236536749
-32.5606833827 -82.5352753214
-71.6952126906 -77.0417958838
45.2579542845 -61.6292443028

4 161.413783651
26.5410352374 16.0236536749
-32.5606833827 -82.5352753214
-71.6952126906 -77.0417958838
45.2579542845 -61.6292443028

4 161.413783651
26.5410352374 16.0236536749
-32.5606833827 -82.5352753214
-71.6952126906 -77.0417958838
45.2579542845 -61.6292443028

4 161.413783651
26.5410352374 16.0236536749
-32.5606833827 -82.5352753214
-71.6952126906 -77.0417958838
45.2579542845 -61.6292443028

4 161.413783651
26.5410352374 16.0236536749
-32.5606833827 -82.5352753214
-71.6952126906 -77.0417958838
45.2579542845 -61.6292443028

4 161.413783651
26.5410352374 16.0236536749
-32.5606833827 -82.5352753214
-71.6952126906 -77.0417958838
45.2579542845 -61.6292443028

4 161.413783651
26.5410352374 16.0236536749
-32.5606833827 -82.5352753214
-71.6952126906 -77.0417958838
45.2579542845 -61.6292443028

4 161.413783651
26.5410352374 16.0236536749
-32.5606833827 -82.5352753214
-71.6952126906 -77.0417958838
45.2579542845 -61.6292443028

4 161.413783651
26.5410352374 16.0236536749
-32.5606833827 -82.5352753214
-71.6952126906 -77.0417958838
45.2579542845 -61.6292443028

4 161.413783651
26.5410352374 16.0236536749
-32.5606833827 -82.5352753214
-71.6952126906 -77.0417958838
45.2579542845 -61.6292443028

4 161.413783651
26.5410352374 16.0236536749
-32.5606833827 -82.5352753214
-71.6952126906 -77.0417958838
45.2579542845 -61.6292443028

4 161.413783651
26.5410352374 16.0236536749
-32.5606833827 -82.5352753214
-71.6952126906 -77.0417958838
45.2579542845 -61.6292443028

4 161.413783651
26.5410352374 16.0236536749
-32.5606833827 -82.5352753214
-71.6952126906 -77.0417958838
45.2579542845 -61.6292443028

4 161.413783651
26.5410352374 16.0236536749
-32.5606833827 -82.5352753214
-71.6952126906 -77.0417958838
45.2579542845 -61.6292443028

4 161.413783651
26.5410352374 16.0236536749
-32.5606833827 -82.5352753214
-71.6952126906 -77.0417958838
45.2579542845 -61.6292443028

4 161.413783651
26.5410352374 16.0236536749
-32.5606833827 -82.5352753214
-71.6952126906 -77.0417958838
45.2579542845 -61.6292443028

4 161.413783651
26.5410352374 16.0236536749
-32.5606833827 -82.5352753214
-71.6952126906 -77.0417958838
45.2579542845 -61.6292443028

4 161.413783651
26.5410352374 16.0236536749
-32.5606833827 -82.5352753214
-71.6952126906 -77.0417958838
45.2579542845 -61.6292443028

4 161.413783651
26.5410352374 16.0236536749
-32.5606833827 -82.5352753214
-71.6952126906 -77.0417958838
45.2579542845 -61.6292443028

4 161.413783651
26.5410352374 16.0236536749
-32.5606833827 -82.5352753214
-71.6952126906 -77.0417958838
45.2579542845 -61.6292443028

4 161.413783651
26.5410352374 16.0236536749
-32.5606833827 -82.5352753214
-71.6952126906 -77.0417958838
45.2579542845 -61.6292443028

4 161.413783651
26.5410352374 16.0236536749
-32.5606833827 -82.5352753214
-71.6952126906 -77.0417958838
45.2579542845 -61.6292443028

4 161.413783651
26.5410352374 16.0236536749
-32.5606833827 -82.5352753214
-71.6952126906 -77.0417958838
45.2579542845 -61.6292443028

4 161.413783651
26.5410352374 16.0236536749
-32.5606833827 -82.5352753214
-71.6952126906 -77.0417958838
45.2579542845 -61.6292443028

4 161.413783651
26.5410352374 16.0236536749
-32.5606833827 -82.5352753214
-71.6952126906 -77.0417958838
45.2579542845 -61.6292443028

4 161.413783651
26.5410352374 16.0236536749
-32.5606833827 -82.5352753214
-71.6952126906 -77.0417958838
45.2579542845 -61.6292443028

4 161.413783651
26.5410352374 16.0236536749
-32.5606833827 -82.5352753214
-71.6952126906 -77.0417958838
45.2579542845 -61.6292443028
