40

21 37.7094552266
72.0615865364 -70.1758264074
-6.93724803946 8.39824001518
37.9251238042 -30.9286145226
-96.7367270224 -68.9818502775
-83.9401726411 74.869456833
62.3337142038 -22.1220741865
-66.2355872431 -32.3145234351
-54.8679618498 36.1397118096
-47.3279095018 44.1174961072
9.27613343387 -79.998368971
76.3108000785 5.93429871329
-99.940323653 50.8547560109
-49.2807689535 95.3155192297
49.9650033315 -43.0368811033
75.9070955823 40.4130009934
-8.66436616057 -63.113928778
22.3565592465 51.8136840163
13.979171316 -11.8130702893
-27.4889771116 -69.0857048796
6.29984117848 -16.3685572383
-35.3709755973 56.7715425466

21 37.7094552266
72.0615865364 -70.1758264074
-6.93724803946 8.39824001518
37.9251238042 -30.9286145226
-96.7367270224 -68.9818502775
-83.9401726411 74.869456833
62.3337142038 -22.1220741865
-66.2355872431 -32.3145234351
-54.8679618498 36.1397118096
-47.3279095018 44.1174961072
9.27613343387 -79.998368971
76.3108000785 5.93429871329
-99.940323653 50.8547560109
-49.2807689535 95.3155192297
49.9650033315 -43.0368811033
75.9070955823 40.4130009934
-8.66436616057 -63.113928778
22.3565592465 51.8136840163
13.979171316 -11.8130702893
-27.4889771116 -69.0857048796
6.29984117848 -16.3685572383
-35.3709755973 56.7715425466

21 37.7094552266
72.0615865364 -70.1758264074
-6.93724803946 8.39824001518
37.9251238042 -30.9286145226
-96.7367270224 -68.9818502775
-83.9401726411 74.869456833
62.3337142038 -22.1220741865
-66.2355872431 -32.3145234351
-54.8679618498 36.1397118096
-47.3279095018 44.1174961072
9.27613343387 -79.998368971
76.3108000785 5.93429871329
-99.940323653 50.8547560109
-49.2807689535 95.3155192297
49.9650033315 -43.0368811033
75.9070955823 40.4130009934
-8.66436616057 -63.113928778
22.3565592465 51.8136840163
13.979171316 -11.8130702893
-27.4889771116 -69.0857048796
6.29984117848 -16.3685572383
-35.3709755973 56.7715425466

21 37.7094552266
72.0615865364 -70.1758264074
-6.93724803946 8.39824001518
37.9251238042 -30.9286145226
-96.7367270224 -68.9818502775
-83.9401726411 74.869456833
62.3337142038 -22.1220741865
-66.2355872431 -32.3145234351
-54.8679618498 36.1397118096
-47.3279095018 44.1174961072
9.27613343387 -79.998368971
76.3108000785 5.93429871329
-99.940323653 50.8547560109
-49.2807689535 95.3155192297
49.9650033315 -43.0368811033
75.9070955823 40.4130009934
-8.66436616057 -63.113928778
22.3565592465 51.8136840163
13.979171316 -11.8130702893
-27.4889771116 -69.0857048796
6.29984117848 -16.3685572383
-35.3709755973 56.7715425466

21 37.7094552266
72.0615865364 -70.1758264074
-6.93724803946 8.39824001518
37.9251238042 -30.9286145226
-96.7367270224 -68.9818502775
-83.9401726411 74.869456833
62.3337142038 -22.1220741865
-66.2355872431 -32.3145234351
-54.8679618498 36.1397118096
-47.3279095018 44.1174961072
9.27613343387 -79.998368971
76.3108000785 5.93429871329
-99.940323653 50.8547560109
-49.2807689535 95.3155192297
49.9650033315 -43.0368811033
75.9070955823 40.4130009934
-8.66436616057 -63.113928778
22.3565592465 51.8136840163
13.979171316 -11.8130702893
-27.4889771116 -69.0857048796
6.29984117848 -16.3685572383
-35.3709755973 56.7715425466

21 37.7094552266
72.0615865364 -70.1758264074
-6.93724803946 8.39824001518
37.9251238042 -30.9286145226
-96.7367270224 -68.9818502775
-83.9401726411 74.869456833
62.3337142038 -22.1220741865
-66.2355872431 -32.3145234351
-54.8679618498 36.1397118096
-47.3279095018 44.1174961072
9.27613343387 -79.998368971
76.3108000785 5.93429871329
-99.940323653 50.8547560109
-49.2807689535 95.3155192297
49.9650033315 -43.0368811033
75.9070955823 40.4130009934
-8.66436616057 -63.113928778
22.3565592465 51.8136840163
13.979171316 -11.8130702893
-27.4889771116 -69.0857048796
6.29984117848 -16.3685572383
-35.3709755973 56.7715425466

21 37.7094552266
72.0615865364 -70.1758264074
-6.93724803946 8.39824001518
37.9251238042 -30.9286145226
-96.7367270224 -68.9818502775
-83.9401726411 74.869456833
62.3337142038 -22.1220741865
-66.2355872431 -32.3145234351
-54.8679618498 36.1397118096
-47.3279095018 44.1174961072
9.27613343387 -79.998368971
76.3108000785 5.93429871329
-99.940323653 50.8547560109
-49.2807689535 95.3155192297
49.9650033315 -43.0368811033
75.9070955823 40.4130009934
-8.66436616057 -63.113928778
22.3565592465 51.8136840163
13.979171316 -11.8130702893
-27.4889771116 -69.0857048796
6.29984117848 -16.3685572383
-35.3709755973 56.7715425466

21 37.7094552266
72.0615865364 -70.1758264074
-6.93724803946 8.39824001518
37.9251238042 -30.9286145226
-96.7367270224 -68.9818502775
-83.9401726411 74.869456833
62.3337142038 -22.1220741865
-66.2355872431 -32.3145234351
-54.8679618498 36.1397118096
-47.3279095018 44.1174961072
9.27613343387 -79.998368971
76.3108000785 5.93429871329
-99.940323653 50.8547560109
-49.2807689535 95.3155192297
49.9650033315 -43.0368811033
75.9070955823 40.4130009934
-8.66436616057 -63.113928778
22.3565592465 51.8136840163
13.979171316 -11.8130702893
-27.4889771116 -69.0857048796
6.29984117848 -16.3685572383
-35.3709755973 56.7715425466

21 37.7094552266
72.0615865364 -70.1758264074
-6.93724803946 8.39824001518
37.9251238042 -30.9286145226
-96.7367270224 -68.9818502775
-83.9401726411 74.869456833
62.3337142038 -22.1220741865
-66.2355872431 -32.3145234351
-54.8679618498 36.1397118096
-47.3279095018 44.1174961072
9.27613343387 -79.998368971
76.3108000785 5.93429871329
-99.940323653 50.8547560109
-49.2807689535 95.3155192297
49.9650033315 -43.0368811033
75.9070955823 40.4130009934
-8.66436616057 -63.113928778
22.3565592465 51.8136840163
13.979171316 -11.8130702893
-27.4889771116 -69.0857048796
6.29984117848 -16.3685572383
-35.3709755973 56.7715425466

21 37.7094552266
72.0615865364 -70.1758264074
-6.93724803946 8.39824001518
37.9251238042 -30.9286145226
-96.7367270224 -68.9818502775
-83.9401726411 74.869456833
62.3337142038 -22.1220741865
-66.2355872431 -32.3145234351
-54.8679618498 36.1397118096
-47.3279095018 44.1174961072
9.27613343387 -79.998368971
76.3108000785 5.93429871329
-99.940323653 50.8547560109
-49.2807689535 95.3155192297
49.9650033315 -43.0368811033
75.9070955823 40.4130009934
-8.66436616057 -63.113928778
22.3565592465 51.8136840163
13.979171316 -11.8130702893
-27.4889771116 -69.0857048796
6.29984117848 -16.3685572383
-35.3709755973 56.7715425466

21 37.7094552266
72.0615865364 -70.1758264074
-6.93724803946 8.39824001518
37.9251238042 -30.9286145226
-96.7367270224 -68.9818502775
-83.9401726411 74.869456833
62.3337142038 -22.1220741865
-66.2355872431 -32.3145234351
-54.8679618498 36.1397118096
-47.3279095018 44.1174961072
9.27613343387 -79.998368971
76.3108000785 5.93429871329
-99.940323653 50.8547560109
-49.2807689535 95.3155192297
49.9650033315 -43.0368811033
75.9070955823 40.4130009934
-8.66436616057 -63.113928778
22.3565592465 51.8136840163
13.979171316 -11.8130702893
-27.4889771116 -69.0857048796
6.29984117848 -16.3685572383
-35.3709755973 56.7715425466

21 37.7094552266
72.0615865364 -70.1758264074
-6.93724803946 8.39824001518
37.9251238042 -30.9286145226
-96.7367270224 -68.9818502775
-83.9401726411 74.869456833
62.3337142038 -22.1220741865
-66.2355872431 -32.3145234351
-54.8679618498 36.1397118096
-47.3279095018 44.1174961072
9.27613343387 -79.998368971
76.3108000785 5.93429871329
-99.940323653 50.8547560109
-49.2807689535 95.3155192297
49.9650033315 -43.0368811033
75.9070955823 40.4130009934
-8.66436616057 -63.113928778
22.3565592465 51.8136840163
13.979171316 -11.8130702893
-27.4889771116 -69.0857048796
6.29984117848 -16.3685572383
-35.3709755973 56.7715425466

21 37.7094552266
72.0615865364 -70.1758264074
-6.93724803946 8.39824001518
37.9251238042 -30.9286145226
-96.7367270224 -68.9818502775
-83.9401726411 74.869456833
62.3337142038 -22.1220741865
-66.2355872431 -32.3145234351
-54.8679618498 36.1397118096
-47.3279095018 44.1174961072
9.27613343387 -79.998368971
76.3108000785 5.93429871329
-99.940323653 50.8547560109
-49.2807689535 95.3155192297
49.9650033315 -43.0368811033
75.9070955823 40.4130009934
-8.66436616057 -63.113928778
22.3565592465 51.8136840163
13.979171316 -11.8130702893
-27.4889771116 -69.0857048796
6.29984117848 -16.3685572383
-35.3709755973 56.7715425466

21 37.7094552266
72.0615865364 -70.1758264074
-6.93724803946 8.39824001518
37.9251238042 -30.9286145226
-96.7367270224 -68.9818502775
-83.9401726411 74.869456833
62.3337142038 -22.1220741865
-66.2355872431 -32.3145234351
-54.8679618498 36.1397118096
-47.3279095018 44.1174961072
9.27613343387 -79.998368971
76.3108000785 5.93429871329
-99.940323653 50.8547560109
-49.2807689535 95.3155192297
49.9650033315 -43.0368811033
75.9070955823 40.4130009934
-8.66436616057 -63.113928778
22.3565592465 51.8136840163
13.979171316 -11.8130702893
-27.4889771116 -69.0857048796
6.29984117848 -16.3685572383
-35.3709755973 56.7715425466

21 37.7094552266
72.0615865364 -70.1758264074
-6.93724803946 8.39824001518
37.9251238042 -30.9286145226
-96.7367270224 -68.9818502775
-83.9401726411 74.869456833
62.3337142038 -22.1220741865
-66.2355872431 -32.3145234351
-54.8679618498 36.1397118096
-47.3279095018 44.1174961072
9.27613343387 -79.998368971
76.3108000785 5.93429871329
-99.940323653 50.8547560109
-49.2807689535 95.3155192297
49.9650033315 -43.0368811033
75.9070955823 40.4130009934
-8.66436616057 -63.113928778
22.3565592465 51.8136840163
13.979171316 -11.8130702893
-27.4889771116 -69.0857048796
6.29984117848 -16.3685572383
-35.3709755973 56.7715425466

21 37.7094552266
72.0615865364 -70.1758264074
-6.93724803946 8.39824001518
37.9251238042 -30.9286145226
-96.7367270224 -68.9818502775
-83.9401726411 74.869456833
62.3337142038 -22.1220741865
-66.2355872431 -32.3145234351
-54.8679618498 36.1397118096
-47.3279095018 44.1174961072
9.27613343387 -79.998368971
76.3108000785 5.93429871329
-99.940323653 50.8547560109
-49.2807689535 95.3155192297
49.9650033315 -43.0368811033
75.9070955823 40.4130009934
-8.66436616057 -63.113928778
22.3565592465 51.8136840163
13.979171316 -11.8130702893
-27.4889771116 -69.0857048796
6.29984117848 -16.3685572383
-35.3709755973 56.7715425466

21 37.7094552266
72.0615865364 -70.1758264074
-6.93724803946 8.39824001518
37.9251238042 -30.9286145226
-96.7367270224 -68.9818502775
-83.9401726411 74.869456833
62.3337142038 -22.1220741865
-66.2355872431 -32.3145234351
-54.8679618498 36.1397118096
-47.3279095018 44.1174961072
9.27613343387 -79.998368971
76.3108000785 5.93429871329
-99.940323653 50.8547560109
-49.2807689535 95.3155192297
49.9650033315 -43.0368811033
75.9070955823 40.4130009934
-8.66436616057 -63.113928778
22.3565592465 51.8136840163
13.979171316 -11.8130702893
-27.4889771116 -69.0857048796
6.29984117848 -16.3685572383
-35.3709755973 56.7715425466

21 37.7094552266
72.0615865364 -70.1758264074
-6.93724803946 8.39824001518
37.9251238042 -30.9286145226
-96.7367270224 -68.9818502775
-83.9401726411 74.869456833
62.3337142038 -22.1220741865
-66.2355872431 -32.3145234351
-54.8679618498 36.1397118096
-47.3279095018 44.1174961072
9.27613343387 -79.998368971
76.3108000785 5.93429871329
-99.940323653 50.8547560109
-49.2807689535 95.3155192297
49.9650033315 -43.0368811033
75.9070955823 40.4130009934
-8.66436616057 -63.113928778
22.3565592465 51.8136840163
13.979171316 -11.8130702893
-27.4889771116 -69.0857048796
6.29984117848 -16.3685572383
-35.3709755973 56.7715425466

21 37.7094552266
72.0615865364 -70.1758264074
-6.93724803946 8.39824001518
37.9251238042 -30.9286145226
-96.7367270224 -68.9818502775
-83.9401726411 74.869456833
62.3337142038 -22.1220741865
-66.2355872431 -32.3145234351
-54.8679618498 36.1397118096
-47.3279095018 44.1174961072
9.27613343387 -79.998368971
76.3108000785 5.93429871329
-99.940323653 50.8547560109
-49.2807689535 95.3155192297
49.9650033315 -43.0368811033
75.9070955823 40.4130009934
-8.66436616057 -63.113928778
22.3565592465 51.8136840163
13.979171316 -11.8130702893
-27.4889771116 -69.0857048796
6.29984117848 -16.3685572383
-35.3709755973 56.7715425466

21 37.7094552266
72.0615865364 -70.1758264074
-6.93724803946 8.39824001518
37.9251238042 -30.9286145226
-96.7367270224 -68.9818502775
-83.9401726411 74.869456833
62.3337142038 -22.1220741865
-66.2355872431 -32.3145234351
-54.8679618498 36.1397118096
-47.3279095018 44.1174961072
9.27613343387 -79.998368971
76.3108000785 5.93429871329
-99.940323653 50.8547560109
-49.2807689535 95.3155192297
49.9650033315 -43.0368811033
75.9070955823 40.4130009934
-8.66436616057 -63.113928778
22.3565592465 51.8136840163
13.979171316 -11.8130702893
-27.4889771116 -69.0857048796
6.29984117848 -16.3685572383
-35.3709755973 56.7715425466

21 37.7094552266
72.0615865364 -70.1758264074
-6.93724803946 8.39824001518
37.9251238042 -30.9286145226
-96.7367270224 -68.9818502775
-83.9401726411 74.869456833
62.3337142038 -22.1220741865
-66.2355872431 -32.3145234351
-54.8679618498 36.1397118096
-47.3279095018 44.1174961072
9.27613343387 -79.998368971
76.3108000785 5.93429871329
-99.940323653 50.8547560109
-49.2807689535 95.3155192297
49.9650033315 -43.0368811033
75.9070955823 40.4130009934
-8.66436616057 -63.113928778
22.3565592465 51.8136840163
13.979171316 -11.8130702893
-27.4889771116 -69.0857048796
6.29984117848 -16.3685572383
-35.3709755973 56.7715425466

21 37.7094552266
72.0615865364 -70.1758264074
-6.93724803946 8.39824001518
37.9251238042 -30.9286145226
-96.7367270224 -68.9818502775
-83.9401726411 74.869456833
62.3337142038 -22.1220741865
-66.2355872431 -32.3145234351
-54.8679618498 36.1397118096
-47.3279095018 44.1174961072
9.27613343387 -79.998368971
76.3108000785 5.93429871329
-99.940323653 50.8547560109
-49.2807689535 95.3155192297
49.9650033315 -43.0368811033
75.9070955823 40.4130009934
-8.66436616057 -63.113928778
22.3565592465 51.8136840163
13.979171316 -11.8130702893
-27.4889771116 -69.0857048796
6.29984117848 -16.3685572383
-35.3709755973 56.7715425466

21 37.7094552266
72.0615865364 -70.1758264074
-6.93724803946 8.39824001518
37.9251238042 -30.9286145226
-96.7367270224 -68.9818502775
-83.9401726411 74.869456833
62.3337142038 -22.1220741865
-66.2355872431 -32.3145234351
-54.8679618498 36.1397118096
-47.3279095018 44.1174961072
9.27613343387 -79.998368971
76.3108000785 5.93429871329
-99.940323653 50.8547560109
-49.2807689535 95.3155192297
49.9650033315 -43.0368811033
75.9070955823 40.4130009934
-8.66436616057 -63.113928778
22.3565592465 51.8136840163
13.979171316 -11.8130702893
-27.4889771116 -69.0857048796
6.29984117848 -16.3685572383
-35.3709755973 56.7715425466

21 37.7094552266
72.0615865364 -70.1758264074
-6.93724803946 8.39824001518
37.9251238042 -30.9286145226
-96.7367270224 -68.9818502775
-83.9401726411 74.869456833
62.3337142038 -22.1220741865
-66.2355872431 -32.3145234351
-54.8679618498 36.1397118096
-47.3279095018 44.1174961072
9.27613343387 -79.998368971
76.3108000785 5.93429871329
-99.940323653 50.8547560109
-49.2807689535 95.3155192297
49.9650033315 -43.0368811033
75.9070955823 40.4130009934
-8.66436616057 -63.113928778
22.3565592465 51.8136840163
13.979171316 -11.8130702893
-27.4889771116 -69.0857048796
6.29984117848 -16.3685572383
-35.3709755973 56.7715425466

21 37.7094552266
72.0615865364 -70.1758264074
-6.93724803946 8.39824001518
37.9251238042 -30.9286145226
-96.7367270224 -68.9818502775
-83.9401726411 74.869456833
62.3337142038 -22.1220741865
-66.2355872431 -32.3145234351
-54.8679618498 36.1397118096
-47.3279095018 44.1174961072
9.27613343387 -79.998368971
76.3108000785 5.93429871329
-99.940323653 50.8547560109
-49.2807689535 95.3155192297
49.9650033315 -43.0368811033
75.9070955823 40.4130009934
-8.66436616057 -63.113928778
22.3565592465 51.8136840163
13.979171316 -11.8130702893
-27.4889771116 -69.0857048796
6.29984117848 -16.3685572383
-35.3709755973 56.7715425466

21 37.7094552266
72.0615865364 -70.1758264074
-6.93724803946 8.39824001518
37.9251238042 -30.9286145226
-96.7367270224 -68.9818502775
-83.9401726411 74.869456833
62.3337142038 -22.1220741865
-66.2355872431 -32.3145234351
-54.8679618498 36.1397118096
-47.3279095018 44.1174961072
9.27613343387 -79.998368971
76.3108000785 5.93429871329
-99.940323653 50.8547560109
-49.2807689535 95.3155192297
49.9650033315 -43.0368811033
75.9070955823 40.4130009934
-8.66436616057 -63.113928778
22.3565592465 51.8136840163
13.979171316 -11.8130702893
-27.4889771116 -69.0857048796
6.29984117848 -16.3685572383
-35.3709755973 56.7715425466

21 37.7094552266
72.0615865364 -70.1758264074
-6.93724803946 8.39824001518
37.9251238042 -30.9286145226
-96.7367270224 -68.9818502775
-83.9401726411 74.869456833
62.3337142038 -22.1220741865
-66.2355872431 -32.3145234351
-54.8679618498 36.1397118096
-47.3279095018 44.1174961072
9.27613343387 -79.998368971
76.3108000785 5.93429871329
-99.940323653 50.8547560109
-49.2807689535 95.3155192297
49.9650033315 -43.0368811033
75.9070955823 40.4130009934
-8.66436616057 -63.113928778
22.3565592465 51.8136840163
13.979171316 -11.8130702893
-27.4889771116 -69.0857048796
6.29984117848 -16.3685572383
-35.3709755973 56.7715425466

21 37.7094552266
72.0615865364 -70.1758264074
-6.93724803946 8.39824001518
37.9251238042 -30.9286145226
-96.7367270224 -68.9818502775
-83.9401726411 74.869456833
62.3337142038 -22.1220741865
-66.2355872431 -32.3145234351
-54.8679618498 36.1397118096
-47.3279095018 44.1174961072
9.27613343387 -79.998368971
76.3108000785 5.93429871329
-99.940323653 50.8547560109
-49.2807689535 95.3155192297
49.9650033315 -43.0368811033
75.9070955823 40.4130009934
-8.66436616057 -63.113928778
22.3565592465 51.8136840163
13.979171316 -11.8130702893
-27.4889771116 -69.0857048796
6.29984117848 -16.3685572383
-35.3709755973 56.7715425466

21 37.7094552266
72.0615865364 -70.1758264074
-6.93724803946 8.39824001518
37.9251238042 -30.9286145226
-96.7367270224 -68.9818502775
-83.9401726411 74.869456833
62.3337142038 -22.1220741865
-66.2355872431 -32.3145234351
-54.8679618498 36.1397118096
-47.3279095018 44.1174961072
9.27613343387 -79.998368971
76.3108000785 5.93429871329
-99.940323653 50.8547560109
-49.2807689535 95.3155192297
49.9650033315 -43.0368811033
75.9070955823 40.4130009934
-8.66436616057 -63.113928778
22.3565592465 51.8136840163
13.979171316 -11.8130702893
-27.4889771116 -69.0857048796
6.29984117848 -16.3685572383
-35.3709755973 56.7715425466

21 37.7094552266
72.0615865364 -70.1758264074
-6.93724803946 8.39824001518
37.9251238042 -30.9286145226
-96.7367270224 -68.9818502775
-83.9401726411 74.869456833
62.3337142038 -22.1220741865
-66.2355872431 -32.3145234351
-54.8679618498 36.1397118096
-47.3279095018 44.1174961072
9.27613343387 -79.998368971
76.3108000785 5.93429871329
-99.940323653 50.8547560109
-49.2807689535 95.3155192297
49.9650033315 -43.0368811033
75.9070955823 40.4130009934
-8.66436616057 -63.113928778
22.3565592465 51.8136840163
13.979171316 -11.8130702893
-27.4889771116 -69.0857048796
6.29984117848 -16.3685572383
-35.3709755973 56.7715425466

21 37.7094552266
72.0615865364 -70.1758264074
-6.93724803946 8.39824001518
37.9251238042 -30.9286145226
-96.7367270224 -68.9818502775
-83.9401726411 74.869456833
62.3337142038 -22.1220741865
-66.2355872431 -32.3145234351
-54.8679618498 36.1397118096
-47.3279095018 44.1174961072
9.27613343387 -79.998368971
76.3108000785 5.93429871329
-99.940323653 50.8547560109
-49.2807689535 95.3155192297
49.9650033315 -43.0368811033
75.9070955823 40.4130009934
-8.66436616057 -63.113928778
22.3565592465 51.8136840163
13.979171316 -11.8130702893
-27.4889771116 -69.0857048796
6.29984117848 -16.3685572383
-35.3709755973 56.7715425466

21 37.7094552266
72.0615865364 -70.1758264074
-6.93724803946 8.39824001518
37.9251238042 -30.9286145226
-96.7367270224 -68.9818502775
-83.9401726411 74.869456833
62.3337142038 -22.1220741865
-66.2355872431 -32.3145234351
-54.8679618498 36.1397118096
-47.3279095018 44.1174961072
9.27613343387 -79.998368971
76.3108000785 5.93429871329
-99.940323653 50.8547560109
-49.2807689535 95.3155192297
49.9650033315 -43.0368811033
75.9070955823 40.4130009934
-8.66436616057 -63.113928778
22.3565592465 51.8136840163
13.979171316 -11.8130702893
-27.4889771116 -69.0857048796
6.29984117848 -16.3685572383
-35.3709755973 56.7715425466

21 37.7094552266
72.0615865364 -70.1758264074
-6.93724803946 8.39824001518
37.9251238042 -30.9286145226
-96.7367270224 -68.9818502775
-83.9401726411 74.869456833
62.3337142038 -22.1220741865
-66.2355872431 -32.3145234351
-54.8679618498 36.1397118096
-47.3279095018 44.1174961072
9.27613343387 -79.998368971
76.3108000785 5.93429871329
-99.940323653 50.8547560109
-49.2807689535 95.3155192297
49.9650033315 -43.0368811033
75.9070955823 40.4130009934
-8.66436616057 -63.113928778
22.3565592465 51.8136840163
13.979171316 -11.8130702893
-27.4889771116 -69.0857048796
6.29984117848 -16.3685572383
-35.3709755973 56.7715425466

21 37.7094552266
72.0615865364 -70.1758264074
-6.93724803946 8.39824001518
37.9251238042 -30.9286145226
-96.7367270224 -68.9818502775
-83.9401726411 74.869456833
62.3337142038 -22.1220741865
-66.2355872431 -32.3145234351
-54.8679618498 36.1397118096
-47.3279095018 44.1174961072
9.27613343387 -79.998368971
76.3108000785 5.93429871329
-99.940323653 50.8547560109
-49.2807689535 95.3155192297
49.9650033315 -43.0368811033
75.9070955823 40.4130009934
-8.66436616057 -63.113928778
22.3565592465 51.8136840163
13.979171316 -11.8130702893
-27.4889771116 -69.0857048796
6.29984117848 -16.3685572383
-35.3709755973 56.7715425466

21 37.7094552266
72.0615865364 -70.1758264074
-6.93724803946 8.39824001518
37.9251238042 -30.9286145226
-96.7367270224 -68.9818502775
-83.9401726411 74.869456833
62.3337142038 -22.1220741865
-66.2355872431 -32.3145234351
-54.8679618498 36.1397118096
-47.3279095018 44.1174961072
9.27613343387 -79.998368971
76.3108000785 5.93429871329
-99.940323653 50.8547560109
-49.2807689535 95.3155192297
49.9650033315 -43.0368811033
75.9070955823 40.4130009934
-8.66436616057 -63.113928778
22.3565592465 51.8136840163
13.979171316 -11.8130702893
-27.4889771116 -69.0857048796
6.29984117848 -16.3685572383
-35.3709755973 56.7715425466

21 37.7094552266
72.0615865364 -70.1758264074
-6.93724803946 8.39824001518
37.9251238042 -30.9286145226
-96.7367270224 -68.9818502775
-83.9401726411 74.869456833
62.3337142038 -22.1220741865
-66.2355872431 -32.3145234351
-54.8679618498 36.1397118096
-47.3279095018 44.1174961072
9.27613343387 -79.998368971
76.3108000785 5.93429871329
-99.940323653 50.8547560109
-49.2807689535 95.3155192297
49.9650033315 -43.0368811033
75.9070955823 40.4130009934
-8.66436616057 -63.113928778
22.3565592465 51.8136840163
13.979171316 -11.8130702893
-27.4889771116 -69.0857048796
6.29984117848 -16.3685572383
-35.3709755973 56.7715425466

21 37.7094552266
72.0615865364 -70.1758264074
-6.93724803946 8.39824001518
37.9251238042 -30.9286145226
-96.7367270224 -68.9818502775
-83.9401726411 74.869456833
62.3337142038 -22.1220741865
-66.2355872431 -32.3145234351
-54.8679618498 36.1397118096
-47.3279095018 44.1174961072
9.27613343387 -79.998368971
76.3108000785 5.93429871329
-99.940323653 50.8547560109
-49.2807689535 95.3155192297
49.9650033315 -43.0368811033
75.9070955823 40.4130009934
-8.66436616057 -63.113928778
22.3565592465 51.8136840163
13.979171316 -11.8130702893
-27.4889771116 -69.0857048796
6.29984117848 -16.3685572383
-35.3709755973 56.7715425466

21 37.7094552266
72.0615865364 -70.1758264074
-6.93724803946 8.39824001518
37.9251238042 -30.9286145226
-96.7367270224 -68.9818502775
-83.9401726411 74.869456833
62.3337142038 -22.1220741865
-66.2355872431 -32.3145234351
-54.8679618498 36.1397118096
-47.3279095018 44.1174961072
9.27613343387 -79.998368971
76.3108000785 5.93429871329
-99.940323653 50.8547560109
-49.2807689535 95.3155192297
49.9650033315 -43.0368811033
75.9070955823 40.4130009934
-8.66436616057 -63.113928778
22.3565592465 51.8136840163
13.979171316 -11.8130702893
-27.4889771116 -69.0857048796
6.29984117848 -16.3685572383
-35.3709755973 56.7715425466

21 37.7094552266
72.0615865364 -70.1758264074
-6.93724803946 8.39824001518
37.9251238042 -30.9286145226
-96.7367270224 -68.9818502775
-83.9401726411 74.869456833
62.3337142038 -22.1220741865
-66.2355872431 -32.3145234351
-54.8679618498 36.1397118096
-47.3279095018 44.1174961072
9.27613343387 -79.998368971
76.3108000785 5.93429871329
-99.940323653 50.8547560109
-49.2807689535 95.3155192297
49.9650033315 -43.0368811033
75.9070955823 40.4130009934
-8.66436616057 -63.113928778
22.3565592465 51.8136840163
13.979171316 -11.8130702893
-27.4889771116 -69.0857048796
6.29984117848 -16.3685572383
-35.3709755973 56.7715425466

21 37.7094552266
72.0615865364 -70.1758264074
-6.93724803946 8.39824001518
37.9251238042 -30.9286145226
-96.7367270224 -68.9818502775
-83.9401726411 74.869456833
62.3337142038 -22.1220741865
-66.2355872431 -32.3145234351
-54.8679618498 36.1397118096
-47.3279095018 44.1174961072
9.27613343387 -79.998368971
76.3108000785 5.93429871329
-99.940323653 50.8547560109
-49.2807689535 95.3155192297
49.9650033315 -43.0368811033
75.9070955823 40.4130009934
-8.66436616057 -63.113928778
22.3565592465 51.8136840163
13.979171316 -11.8130702893
-27.4889771116 -69.0857048796
6.29984117848 -16.3685572383
-35.3709755973 56.7715425466
