40

17 72.6995850271
25.1562502619 56.479016329
81.3185179142 47.5238502766
-85.3093199158 -80.8127405352
18.1663152522 88.1530763425
-85.1155622875 -31.5631242242
30.8099389441 -16.7686939775
22.7998035765 74.6756274131
59.0516727928 12.8401484765
74.7190485436 19.741581899
89.2308042126 -83.2345385901
-59.1295135723 94.3914746854
-74.9937679727 92.5677991071
-89.9384072187 47.7982637808
47.1089581718 99.6091503223
52.6810459537 16.2469254497
67.1577980354 -82.4408328088
-34.3951649465 20.8954036685

17 72.6995850271
25.1562502619 56.479016329
81.3185179142 47.5238502766
-85.3093199158 -80.8127405352
18.1663152522 88.1530763425
-85.1155622875 -31.5631242242
30.8099389441 -16.7686939775
22.7998035765 74.6756274131
59.0516727928 12.8401484765
74.7190485436 19.741581899
89.2308042126 -83.2345385901
-59.1295135723 94.3914746854
-74.9937679727 92.5677991071
-89.9384072187 47.7982637808
47.1089581718 99.6091503223
52.6810459537 16.2469254497
67.1577980354 -82.4408328088
-34.3951649465 20.8954036685

17 72.6995850271
25.1562502619 56.479016329
81.3185179142 47.5238502766
-85.3093199158 -80.8127405352
18.1663152522 88.1530763425
-85.1155622875 -31.5631242242
30.8099389441 -16.7686939775
22.7998035765 74.6756274131
59.0516727928 12.8401484765
74.7190485436 19.741581899
89.2308042126 -83.2345385901
-59.1295135723 94.3914746854
-74.9937679727 92.5677991071
-89.9384072187 47.7982637808
47.1089581718 99.6091503223
52.6810459537 16.2469254497
67.1577980354 -82.4408328088
-34.3951649465 20.8954036685

17 72.6995850271
25.1562502619 56.479016329
81.3185179142 47.5238502766
-85.3093199158 -80.8127405352
18.1663152522 88.1530763425
-85.1155622875 -31.5631242242
30.8099389441 -16.7686939775
22.7998035765 74.6756274131
59.0516727928 12.8401484765
74.7190485436 19.741581899
89.2308042126 -83.2345385901
-59.1295135723 94.3914746854
-74.9937679727 92.5677991071
-89.9384072187 47.7982637808
47.1089581718 99.6091503223
52.6810459537 16.2469254497
67.1577980354 -82.4408328088
-34.3951649465 20.8954036685

17 72.6995850271
25.1562502619 56.479016329
81.3185179142 47.5238502766
-85.3093199158 -80.8127405352
18.1663152522 88.1530763425
-85.1155622875 -31.5631242242
30.8099389441 -16.7686939775
22.7998035765 74.6756274131
59.0516727928 12.8401484765
74.7190485436 19.741581899
89.2308042126 -83.2345385901
-59.1295135723 94.3914746854
-74.9937679727 92.5677991071
-89.9384072187 47.7982637808
47.1089581718 99.6091503223
52.6810459537 16.2469254497
67.1577980354 -82.4408328088
-34.3951649465 20.8954036685

17 72.6995850271
25.1562502619 56.479016329
81.3185179142 47.5238502766
-85.3093199158 -80.8127405352
18.1663152522 88.1530763425
-85.1155622875 -31.5631242242
30.8099389441 -16.7686939775
22.7998035765 74.6756274131
59.0516727928 12.8401484765
74.7190485436 19.741581899
89.2308042126 -83.2345385901
-59.1295135723 94.3914746854
-74.9937679727 92.5677991071
-89.9384072187 47.7982637808
47.1089581718 99.6091503223
52.6810459537 16.2469254497
67.1577980354 -82.4408328088
-34.3951649465 20.8954036685

17 72.6995850271
25.1562502619 56.479016329
81.3185179142 47.5238502766
-85.3093199158 -80.8127405352
18.1663152522 88.1530763425
-85.1155622875 -31.5631242242
30.8099389441 -16.7686939775
22.7998035765 74.6756274131
59.0516727928 12.8401484765
74.7190485436 19.741581899
89.2308042126 -83.2345385901
-59.1295135723 94.3914746854
-74.9937679727 92.5677991071
-89.9384072187 47.7982637808
47.1089581718 99.6091503223
52.6810459537 16.2469254497
67.1577980354 -82.4408328088
-34.3951649465 20.8954036685

17 72.6995850271
25.1562502619 56.479016329
81.3185179142 47.5238502766
-85.3093199158 -80.8127405352
18.1663152522 88.1530763425
-85.1155622875 -31.5631242242
30.8099389441 -16.7686939775
22.7998035765 74.6756274131
59.0516727928 12.8401484765
74.7190485436 19.741581899
89.2308042126 -83.2345385901
-59.1295135723 94.3914746854
-74.9937679727 92.5677991071
-89.9384072187 47.7982637808
47.1089581718 99.6091503223
52.6810459537 16.2469254497
67.1577980354 -82.4408328088
-34.3951649465 20.8954036685

17 72.6995850271
25.1562502619 56.479016329
81.3185179142 47.5238502766
-85.3093199158 -80.8127405352
18.1663152522 88.1530763425
-85.1155622875 -31.5631242242
30.8099389441 -16.7686939775
22.7998035765 74.6756274131
59.0516727928 12.8401484765
74.7190485436 19.741581899
89.2308042126 -83.2345385901
-59.1295135723 94.3914746854
-74.9937679727 92.5677991071
-89.9384072187 47.7982637808
47.1089581718 99.6091503223
52.6810459537 16.2469254497
67.1577980354 -82.4408328088
-34.3951649465 20.8954036685

17 72.6995850271
25.1562502619 56.479016329
81.3185179142 47.5238502766
-85.3093199158 -80.8127405352
18.1663152522 88.1530763425
-85.1155622875 -31.5631242242
30.8099389441 -16.7686939775
22.7998035765 74.6756274131
59.0516727928 12.8401484765
74.7190485436 19.741581899
89.2308042126 -83.2345385901
-59.1295135723 94.3914746854
-74.9937679727 92.5677991071
-89.9384072187 47.7982637808
47.1089581718 99.6091503223
52.6810459537 16.2469254497
67.1577980354 -82.4408328088
-34.3951649465 20.8954036685

17 72.6995850271
25.1562502619 56.479016329
81.3185179142 47.5238502766
-85.3093199158 -80.8127405352
18.1663152522 88.1530763425
-85.1155622875 -31.5631242242
30.8099389441 -16.7686939775
22.7998035765 74.6756274131
59.0516727928 12.8401484765
74.7190485436 19.741581899
89.2308042126 -83.2345385901
-59.1295135723 94.3914746854
-74.9937679727 92.5677991071
-89.9384072187 47.7982637808
47.1089581718 99.6091503223
52.6810459537 16.2469254497
67.1577980354 -82.4408328088
-34.3951649465 20.8954036685

17 72.6995850271
25.1562502619 56.479016329
81.3185179142 47.5238502766
-85.3093199158 -80.8127405352
18.1663152522 88.1530763425
-85.1155622875 -31.5631242242
30.8099389441 -16.7686939775
22.7998035765 74.6756274131
59.0516727928 12.8401484765
74.7190485436 19.741581899
89.2308042126 -83.2345385901
-59.1295135723 94.3914746854
-74.9937679727 92.5677991071
-89.9384072187 47.7982637808
47.1089581718 99.6091503223
52.6810459537 16.2469254497
67.1577980354 -82.4408328088
-34.3951649465 20.8954036685

17 72.6995850271
25.1562502619 56.479016329
81.3185179142 47.5238502766
-85.3093199158 -80.8127405352
18.1663152522 88.1530763425
-85.1155622875 -31.5631242242
30.8099389441 -16.7686939775
22.7998035765 74.6756274131
59.0516727928 12.8401484765
74.7190485436 19.741581899
89.2308042126 -83.2345385901
-59.1295135723 94.3914746854
-74.9937679727 92.5677991071
-89.9384072187 47.7982637808
47.1089581718 99.6091503223
52.6810459537 16.2469254497
67.1577980354 -82.4408328088
-34.3951649465 20.8954036685

17 72.6995850271
25.1562502619 56.479016329
81.3185179142 47.5238502766
-85.3093199158 -80.8127405352
18.1663152522 88.1530763425
-85.1155622875 -31.5631242242
30.8099389441 -16.7686939775
22.7998035765 74.6756274131
59.0516727928 12.8401484765
74.7190485436 19.741581899
89.2308042126 -83.2345385901
-59.1295135723 94.3914746854
-74.9937679727 92.5677991071
-89.9384072187 47.7982637808
47.1089581718 99.6091503223
52.6810459537 16.2469254497
67.1577980354 -82.4408328088
-34.3951649465 20.8954036685

17 72.6995850271
25.1562502619 56.479016329
81.3185179142 47.5238502766
-85.3093199158 -80.8127405352
18.1663152522 88.1530763425
-85.1155622875 -31.5631242242
30.8099389441 -16.7686939775
22.7998035765 74.6756274131
59.0516727928 12.8401484765
74.7190485436 19.741581899
89.2308042126 -83.2345385901
-59.1295135723 94.3914746854
-74.9937679727 92.5677991071
-89.9384072187 47.7982637808
47.1089581718 99.6091503223
52.6810459537 16.2469254497
67.1577980354 -82.4408328088
-34.3951649465 20.8954036685

17 72.6995850271
25.1562502619 56.479016329
81.3185179142 47.5238502766
-85.3093199158 -80.8127405352
18.1663152522 88.1530763425
-85.1155622875 -31.5631242242
30.8099389441 -16.7686939775
22.7998035765 74.6756274131
59.0516727928 12.8401484765
74.7190485436 19.741581899
89.2308042126 -83.2345385901
-59.1295135723 94.3914746854
-74.9937679727 92.5677991071
-89.9384072187 47.7982637808
47.1089581718 99.6091503223
52.6810459537 16.2469254497
67.1577980354 -82.4408328088
-34.3951649465 20.8954036685

17 72.6995850271
25.1562502619 56.479016329
81.3185179142 47.5238502766
-85.3093199158 -80.8127405352
18.1663152522 88.1530763425
-85.1155622875 -31.5631242242
30.8099389441 -16.7686939775
22.7998035765 74.6756274131
59.0516727928 12.8401484765
74.7190485436 19.741581899
89.2308042126 -83.2345385901
-59.1295135723 94.3914746854
-74.9937679727 92.5677991071
-89.9384072187 47.7982637808
47.1089581718 99.6091503223
52.6810459537 16.2469254497
67.1577980354 -82.4408328088
-34.3951649465 20.8954036685

17 72.6995850271
25.1562502619 56.479016329
81.3185179142 47.5238502766
-85.3093199158 -80.8127405352
18.1663152522 88.1530763425
-85.1155622875 -31.5631242242
30.8099389441 -16.7686939775
22.7998035765 74.6756274131
59.0516727928 12.8401484765
74.7190485436 19.741581899
89.2308042126 -83.2345385901
-59.1295135723 94.3914746854
-74.9937679727 92.5677991071
-89.9384072187 47.7982637808
47.1089581718 99.6091503223
52.6810459537 16.2469254497
67.1577980354 -82.4408328088
-34.3951649465 20.8954036685

17 72.6995850271
25.1562502619 56.479016329
81.3185179142 47.5238502766
-85.3093199158 -80.8127405352
18.1663152522 88.1530763425
-85.1155622875 -31.5631242242
30.8099389441 -16.7686939775
22.7998035765 74.6756274131
59.0516727928 12.8401484765
74.7190485436 19.741581899
89.2308042126 -83.2345385901
-59.1295135723 94.3914746854
-74.9937679727 92.5677991071
-89.9384072187 47.7982637808
47.1089581718 99.6091503223
52.6810459537 16.2469254497
67.1577980354 -82.4408328088
-34.3951649465 20.8954036685

17 72.6995850271
25.1562502619 56.479016329
81.3185179142 47.5238502766
-85.3093199158 -80.8127405352
18.1663152522 88.1530763425
-85.1155622875 -31.5631242242
30.8099389441 -16.7686939775
22.7998035765 74.6756274131
59.0516727928 12.8401484765
74.7190485436 19.741581899
89.2308042126 -83.2345385901
-59.1295135723 94.3914746854
-74.9937679727 92.5677991071
-89.9384072187 47.7982637808
47.1089581718 99.6091503223
52.6810459537 16.2469254497
67.1577980354 -82.4408328088
-34.3951649465 20.8954036685

17 72.6995850271
25.1562502619 56.479016329
81.3185179142 47.5238502766
-85.3093199158 -80.8127405352
18.1663152522 88.1530763425
-85.1155622875 -31.5631242242
30.8099389441 -16.7686939775
22.7998035765 74.6756274131
59.0516727928 12.8401484765
74.7190485436 19.741581899
89.2308042126 -83.2345385901
-59.1295135723 94.3914746854
-74.9937679727 92.5677991071
-89.9384072187 47.7982637808
47.1089581718 99.6091503223
52.6810459537 16.2469254497
67.1577980354 -82.4408328088
-34.3951649465 20.8954036685

17 72.6995850271
25.1562502619 56.479016329
81.3185179142 47.5238502766
-85.3093199158 -80.8127405352
18.1663152522 88.1530763425
-85.1155622875 -31.5631242242
30.8099389441 -16.7686939775
22.7998035765 74.6756274131
59.0516727928 12.8401484765
74.7190485436 19.741581899
89.2308042126 -83.2345385901
-59.1295135723 94.3914746854
-74.9937679727 92.5677991071
-89.9384072187 47.7982637808
47.1089581718 99.6091503223
52.6810459537 16.2469254497
67.1577980354 -82.4408328088
-34.3951649465 20.8954036685

17 72.6995850271
25.1562502619 56.479016329
81.3185179142 47.5238502766
-85.3093199158 -80.8127405352
18.1663152522 88.1530763425
-85.1155622875 -31.5631242242
30.8099389441 -16.7686939775
22.7998035765 74.6756274131
59.0516727928 12.8401484765
74.7190485436 19.741581899
89.2308042126 -83.2345385901
-59.1295135723 94.3914746854
-74.9937679727 92.5677991071
-89.9384072187 47.7982637808
47.1089581718 99.6091503223
52.6810459537 16.2469254497
67.1577980354 -82.4408328088
-34.3951649465 20.8954036685

17 72.6995850271
25.1562502619 56.479016329
81.3185179142 47.5238502766
-85.3093199158 -80.8127405352
18.1663152522 88.1530763425
-85.1155622875 -31.5631242242
30.8099389441 -16.7686939775
22.7998035765 74.6756274131
59.0516727928 12.8401484765
74.7190485436 19.741581899
89.2308042126 -83.2345385901
-59.1295135723 94.3914746854
-74.9937679727 92.5677991071
-89.9384072187 47.7982637808
47.1089581718 99.6091503223
52.6810459537 16.2469254497
67.1577980354 -82.4408328088
-34.3951649465 20.8954036685

17 72.6995850271
25.1562502619 56.479016329
81.3185179142 47.5238502766
-85.3093199158 -80.8127405352
18.1663152522 88.1530763425
-85.1155622875 -31.5631242242
30.8099389441 -16.7686939775
22.7998035765 74.6756274131
59.0516727928 12.8401484765
74.7190485436 19.741581899
89.2308042126 -83.2345385901
-59.1295135723 94.3914746854
-74.9937679727 92.5677991071
-89.9384072187 47.7982637808
47.1089581718 99.6091503223
52.6810459537 16.2469254497
67.1577980354 -82.4408328088
-34.3951649465 20.8954036685

17 72.6995850271
25.1562502619 56.479016329
81.3185179142 47.5238502766
-85.3093199158 -80.8127405352
18.1663152522 88.1530763425
-85.1155622875 -31.5631242242
30.8099389441 -16.7686939775
22.7998035765 74.6756274131
59.0516727928 12.8401484765
74.7190485436 19.741581899
89.2308042126 -83.2345385901
-59.1295135723 94.3914746854
-74.9937679727 92.5677991071
-89.9384072187 47.7982637808
47.1089581718 99.6091503223
52.6810459537 16.2469254497
67.1577980354 -82.4408328088
-34.3951649465 20.8954036685

17 72.6995850271
25.1562502619 56.479016329
81.3185179142 47.5238502766
-85.3093199158 -80.8127405352
18.1663152522 88.1530763425
-85.1155622875 -31.5631242242
30.8099389441 -16.7686939775
22.7998035765 74.6756274131
59.0516727928 12.8401484765
74.7190485436 19.741581899
89.2308042126 -83.2345385901
-59.1295135723 94.3914746854
-74.9937679727 92.5677991071
-89.9384072187 47.7982637808
47.1089581718 99.6091503223
52.6810459537 16.2469254497
67.1577980354 -82.4408328088
-34.3951649465 20.8954036685

17 72.6995850271
25.1562502619 56.479016329
81.3185179142 47.5238502766
-85.3093199158 -80.8127405352
18.1663152522 88.1530763425
-85.1155622875 -31.5631242242
30.8099389441 -16.7686939775
22.7998035765 74.6756274131
59.0516727928 12.8401484765
74.7190485436 19.741581899
89.2308042126 -83.2345385901
-59.1295135723 94.3914746854
-74.9937679727 92.5677991071
-89.9384072187 47.7982637808
47.1089581718 99.6091503223
52.6810459537 16.2469254497
67.1577980354 -82.4408328088
-34.3951649465 20.8954036685

17 72.6995850271
25.1562502619 56.479016329
81.3185179142 47.5238502766
-85.3093199158 -80.8127405352
18.1663152522 88.1530763425
-85.1155622875 -31.5631242242
30.8099389441 -16.7686939775
22.7998035765 74.6756274131
59.0516727928 12.8401484765
74.7190485436 19.741581899
89.2308042126 -83.2345385901
-59.1295135723 94.3914746854
-74.9937679727 92.5677991071
-89.9384072187 47.7982637808
47.1089581718 99.6091503223
52.6810459537 16.2469254497
67.1577980354 -82.4408328088
-34.3951649465 20.8954036685

17 72.6995850271
25.1562502619 56.479016329
81.3185179142 47.5238502766
-85.3093199158 -80.8127405352
18.1663152522 88.1530763425
-85.1155622875 -31.5631242242
30.8099389441 -16.7686939775
22.7998035765 74.6756274131
59.0516727928 12.8401484765
74.7190485436 19.741581899
89.2308042126 -83.2345385901
-59.1295135723 94.3914746854
-74.9937679727 92.5677991071
-89.9384072187 47.7982637808
47.1089581718 99.6091503223
52.6810459537 16.2469254497
67.1577980354 -82.4408328088
-34.3951649465 20.8954036685

17 72.6995850271
25.1562502619 56.479016329
81.3185179142 47.5238502766
-85.3093199158 -80.8127405352
18.1663152522 88.1530763425
-85.1155622875 -31.5631242242
30.8099389441 -16.7686939775
22.7998035765 74.6756274131
59.0516727928 12.8401484765
74.7190485436 19.741581899
89.2308042126 -83.2345385901
-59.1295135723 94.3914746854
-74.9937679727 92.5677991071
-89.9384072187 47.7982637808
47.1089581718 99.6091503223
52.6810459537 16.2469254497
67.1577980354 -82.4408328088
-34.3951649465 20.8954036685

17 72.6995850271
25.1562502619 56.479016329
81.3185179142 47.5238502766
-85.3093199158 -80.8127405352
18.1663152522 88.1530763425
-85.1155622875 -31.5631242242
30.8099389441 -16.7686939775
22.7998035765 74.6756274131
59.0516727928 12.8401484765
74.7190485436 19.741581899
89.2308042126 -83.2345385901
-59.1295135723 94.3914746854
-74.9937679727 92.5677991071
-89.9384072187 47.7982637808
47.1089581718 99.6091503223
52.6810459537 16.2469254497
67.1577980354 -82.4408328088
-34.3951649465 20.8954036685

17 72.6995850271
25.1562502619 56.479016329
81.3185179142 47.5238502766
-85.3093199158 -80.8127405352
18.1663152522 88.1530763425
-85.1155622875 -31.5631242242
30.8099389441 -16.7686939775
22.7998035765 74.6756274131
59.0516727928 12.8401484765
74.7190485436 19.741581899
89.2308042126 -83.2345385901
-59.1295135723 94.3914746854
-74.9937679727 92.5677991071
-89.9384072187 47.7982637808
47.1089581718 99.6091503223
52.6810459537 16.2469254497
67.1577980354 -82.4408328088
-34.3951649465 20.8954036685

17 72.6995850271
25.1562502619 56.479016329
81.3185179142 47.5238502766
-85.3093199158 -80.8127405352
18.1663152522 88.1530763425
-85.1155622875 -31.5631242242
30.8099389441 -16.7686939775
22.7998035765 74.6756274131
59.0516727928 12.8401484765
74.7190485436 19.741581899
89.2308042126 -83.2345385901
-59.1295135723 94.3914746854
-74.9937679727 92.5677991071
-89.9384072187 47.7982637808
47.1089581718 99.6091503223
52.6810459537 16.2469254497
67.1577980354 -82.4408328088
-34.3951649465 20.8954036685

17 72.6995850271
25.1562502619 56.479016329
81.3185179142 47.5238502766
-85.3093199158 -80.8127405352
18.1663152522 88.1530763425
-85.1155622875 -31.5631242242
30.8099389441 -16.7686939775
22.7998035765 74.6756274131
59.0516727928 12.8401484765
74.7190485436 19.741581899
89.2308042126 -83.2345385901
-59.1295135723 94.3914746854
-74.9937679727 92.5677991071
-89.9384072187 47.7982637808
47.1089581718 99.6091503223
52.6810459537 16.2469254497
67.1577980354 -82.4408328088
-34.3951649465 20.8954036685

17 72.6995850271
25.1562502619 56.479016329
81.3185179142 47.5238502766
-85.3093199158 -80.8127405352
18.1663152522 88.1530763425
-85.1155622875 -31.5631242242
30.8099389441 -16.7686939775
22.7998035765 74.6756274131
59.0516727928 12.8401484765
74.7190485436 19.741581899
89.2308042126 -83.2345385901
-59.1295135723 94.3914746854
-74.9937679727 92.5677991071
-89.9384072187 47.7982637808
47.1089581718 99.6091503223
52.6810459537 16.2469254497
67.1577980354 -82.4408328088
-34.3951649465 20.8954036685

17 72.6995850271
25.1562502619 56.479016329
81.3185179142 47.5238502766
-85.3093199158 -80.8127405352
18.1663152522 88.1530763425
-85.1155622875 -31.5631242242
30.8099389441 -16.7686939775
22.7998035765 74.6756274131
59.0516727928 12.8401484765
74.7190485436 19.741581899
89.2308042126 -83.2345385901
-59.1295135723 94.3914746854
-74.9937679727 92.5677991071
-89.9384072187 47.7982637808
47.1089581718 99.6091503223
52.6810459537 16.2469254497
67.1577980354 -82.4408328088
-34.3951649465 20.8954036685

17 72.6995850271
25.1562502619 56.479016329
81.3185179142 47.5238502766
-85.3093199158 -80.8127405352
18.1663152522 88.1530763425
-85.1155622875 -31.5631242242
30.8099389441 -16.7686939775
22.7998035765 74.6756274131
59.0516727928 12.8401484765
74.7190485436 19.741581899
89.2308042126 -83.2345385901
-59.1295135723 94.3914746854
-74.9937679727 92.5677991071
-89.9384072187 47.7982637808
47.1089581718 99.6091503223
52.6810459537 16.2469254497
67.1577980354 -82.4408328088
-34.3951649465 20.8954036685

17 72.6995850271
25.1562502619 56.479016329
81.3185179142 47.5238502766
-85.3093199158 -80.8127405352
18.1663152522 88.1530763425
-85.1155622875 -31.5631242242
30.8099389441 -16.7686939775
22.7998035765 74.6756274131
59.0516727928 12.8401484765
74.7190485436 19.741581899
89.2308042126 -83.2345385901
-59.1295135723 94.3914746854
-74.9937679727 92.5677991071
-89.9384072187 47.7982637808
47.1089581718 99.6091503223
52.6810459537 16.2469254497
67.1577980354 -82.4408328088
-34.3951649465 20.8954036685

17 72.6995850271
25.1562502619 56.479016329
81.3185179142 47.5238502766
-85.3093199158 -80.8127405352
18.1663152522 88.1530763425
-85.1155622875 -31.5631242242
30.8099389441 -16.7686939775
22.7998035765 74.6756274131
59.0516727928 12.8401484765
74.7190485436 19.741581899
89.2308042126 -83.2345385901
-59.1295135723 94.3914746854
-74.9937679727 92.5677991071
-89.9384072187 47.7982637808
47.1089581718 99.6091503223
52.6810459537 16.2469254497
67.1577980354 -82.4408328088
-34.3951649465 20.8954036685
