40

17 155.401617409
-15.767426539 10.9635327049
-11.999455294 90.0517693649
-45.9444887481 -34.315975361
-23.5007640263 93.9324946706
3.97461166675 47.623547385
59.052091862 -11.5795201342
-75.3048101137 -40.9445882227
15.2762608418 -82.5917272444
41.2500682619 -54.0815706828
-15.4319880779 -81.4111879484
51.5955296368 -39.4560736558
2.18665054891 -31.0995609966
-17.9807571518 51.7902701513
78.6204705227 -20.2010408586
91.0696552729 -18.6889123156
-70.3263635507 28.0262977525
-41.8720948525 -70.8795103257

17 155.401617409
-15.767426539 10.9635327049
-11.999455294 90.0517693649
-45.9444887481 -34.315975361
-23.5007640263 93.9324946706
3.97461166675 47.623547385
59.052091862 -11.5795201342
-75.3048101137 -40.9445882227
15.2762608418 -82.5917272444
41.2500682619 -54.0815706828
-15.4319880779 -81.4111879484
51.5955296368 -39.4560736558
2.18665054891 -31.0995609966
-17.9807571518 51.7902701513
78.6204705227 -20.2010408586
91.0696552729 -18.6889123156
-70.3263635507 28.0262977525
-41.8720948525 -70.8795103257

17 155.401617409
-15.767426539 10.9635327049
-11.999455294 90.0517693649
-45.9444887481 -34.315975361
-23.5007640263 93.9324946706
3.97461166675 47.623547385
59.052091862 -11.5795201342
-75.3048101137 -40.9445882227
15.2762608418 -82.5917272444
41.2500682619 -54.0815706828
-15.4319880779 -81.4111879484
51.5955296368 -39.4560736558
2.18665054891 -31.0995609966
-17.9807571518 51.7902701513
78.6204705227 -20.2010408586
91.0696552729 -18.6889123156
-70.3263635507 28.0262977525
-41.8720948525 -70.8795103257

17 155.401617409
-15.767426539 10.9635327049
-11.999455294 90.0517693649
-45.9444887481 -34.315975361
-23.5007640263 93.9324946706
3.97461166675 47.623547385
59.052091862 -11.5795201342
-75.3048101137 -40.9445882227
15.2762608418 -82.5917272444
41.2500682619 -54.0815706828
-15.4319880779 -81.4111879484
51.5955296368 -39.4560736558
2.18665054891 -31.0995609966
-17.9807571518 51.7902701513
78.6204705227 -20.2010408586
91.0696552729 -18.6889123156
-70.3263635507 28.0262977525
-41.8720948525 -70.8795103257

17 155.401617409
-15.767426539 10.9635327049
-11.999455294 90.0517693649
-45.9444887481 -34.315975361
-23.5007640263 93.9324946706
3.97461166675 47.623547385
59.052091862 -11.5795201342
-75.3048101137 -40.9445882227
15.2762608418 -82.5917272444
41.2500682619 -54.0815706828
-15.4319880779 -81.4111879484
51.5955296368 -39.4560736558
2.18665054891 -31.0995609966
-17.9807571518 51.7902701513
78.6204705227 -20.2010408586
91.0696552729 -18.6889123156
-70.3263635507 28.0262977525
-41.8720948525 -70.8795103257

17 155.401617409
-15.767426539 10.9635327049
-11.999455294 90.0517693649
-45.9444887481 -34.315975361
-23.5007640263 93.9324946706
3.97461166675 47.623547385
59.052091862 -11.5795201342
-75.3048101137 -40.9445882227
15.2762608418 -82.5917272444
41.2500682619 -54.0815706828
-15.4319880779 -81.4111879484
51.5955296368 -39.4560736558
2.18665054891 -31.0995609966
-17.9807571518 51.7902701513
78.6204705227 -20.2010408586
91.0696552729 -18.6889123156
-70.3263635507 28.0262977525
-41.8720948525 -70.8795103257

17 155.401617409
-15.767426539 10.9635327049
-11.999455294 90.0517693649
-45.9444887481 -34.315975361
-23.5007640263 93.9324946706
3.97461166675 47.623547385
59.052091862 -11.5795201342
-75.3048101137 -40.9445882227
15.2762608418 -82.5917272444
41.2500682619 -54.0815706828
-15.4319880779 -81.4111879484
51.5955296368 -39.4560736558
2.18665054891 -31.0995609966
-17.9807571518 51.7902701513
78.6204705227 -20.2010408586
91.0696552729 -18.6889123156
-70.3263635507 28.0262977525
-41.8720948525 -70.8795103257

17 155.401617409
-15.767426539 10.9635327049
-11.999455294 90.0517693649
-45.9444887481 -34.315975361
-23.5007640263 93.9324946706
3.97461166675 47.623547385
59.052091862 -11.5795201342
-75.3048101137 -40.9445882227
15.2762608418 -82.5917272444
41.2500682619 -54.0815706828
-15.4319880779 -81.4111879484
51.5955296368 -39.4560736558
2.18665054891 -31.0995609966
-17.9807571518 51.7902701513
78.6204705227 -20.2010408586
91.0696552729 -18.6889123156
-70.3263635507 28.0262977525
-41.8720948525 -70.8795103257

17 155.401617409
-15.767426539 10.9635327049
-11.999455294 90.0517693649
-45.9444887481 -34.315975361
-23.5007640263 93.9324946706
3.97461166675 47.623547385
59.052091862 -11.5795201342
-75.3048101137 -40.9445882227
15.2762608418 -82.5917272444
41.2500682619 -54.0815706828
-15.4319880779 -81.4111879484
51.5955296368 -39.4560736558
2.18665054891 -31.0995609966
-17.9807571518 51.7902701513
78.6204705227 -20.2010408586
91.0696552729 -18.6889123156
-70.3263635507 28.0262977525
-41.8720948525 -70.8795103257

17 155.401617409
-15.767426539 10.9635327049
-11.999455294 90.0517693649
-45.9444887481 -34.315975361
-23.5007640263 93.9324946706
3.97461166675 47.623547385
59.052091862 -11.5795201342
-75.3048101137 -40.9445882227
15.2762608418 -82.5917272444
41.2500682619 -54.0815706828
-15.4319880779 -81.4111879484
51.5955296368 -39.4560736558
2.18665054891 -31.0995609966
-17.9807571518 51.7902701513
78.6204705227 -20.2010408586
91.0696552729 -18.6889123156
-70.3263635507 28.0262977525
-41.8720948525 -70.8795103257

17 155.401617409
-15.767426539 10.9635327049
-11.999455294 90.0517693649
-45.9444887481 -34.315975361
-23.5007640263 93.9324946706
3.97461166675 47.623547385
59.052091862 -11.5795201342
-75.3048101137 -40.9445882227
15.2762608418 -82.5917272444
41.2500682619 -54.0815706828
-15.4319880779 -81.4111879484
51.5955296368 -39.4560736558
2.18665054891 -31.0995609966
-17.9807571518 51.7902701513
78.6204705227 -20.2010408586
91.0696552729 -18.6889123156
-70.3263635507 28.0262977525
-41.8720948525 -70.8795103257

17 155.401617409
-15.767426539 10.9635327049
-11.999455294 90.0517693649
-45.9444887481 -34.315975361
-23.5007640263 93.9324946706
3.97461166675 47.623547385
59.052091862 -11.5795201342
-75.3048101137 -40.9445882227
15.2762608418 -82.5917272444
41.2500682619 -54.0815706828
-15.4319880779 -81.4111879484
51.5955296368 -39.4560736558
2.18665054891 -31.0995609966
-17.9807571518 51.7902701513
78.6204705227 -20.2010408586
91.0696552729 -18.6889123156
-70.3263635507 28.0262977525
-41.8720948525 -70.8795103257

17 155.401617409
-15.767426539 10.9635327049
-11.999455294 90.0517693649
-45.9444887481 -34.315975361
-23.5007640263 93.9324946706
3.97461166675 47.623547385
59.052091862 -11.5795201342
-75.3048101137 -40.9445882227
15.2762608418 -82.5917272444
41.2500682619 -54.0815706828
-15.4319880779 -81.4111879484
51.5955296368 -39.4560736558
2.18665054891 -31.0995609966
-17.9807571518 51.7902701513
78.6204705227 -20.2010408586
91.0696552729 -18.6889123156
-70.3263635507 28.0262977525
-41.8720948525 -70.8795103257

17 155.401617409
-15.767426539 10.9635327049
-11.999455294 90.0517693649
-45.9444887481 -34.315975361
-23.5007640263 93.9324946706
3.97461166675 47.623547385
59.052091862 -11.5795201342
-75.3048101137 -40.9445882227
15.2762608418 -82.5917272444
41.2500682619 -54.0815706828
-15.4319880779 -81.4111879484
51.5955296368 -39.4560736558
2.18665054891 -31.0995609966
-17.9807571518 51.7902701513
78.6204705227 -20.2010408586
91.0696552729 -18.6889123156
-70.3263635507 28.0262977525
-41.8720948525 -70.8795103257

17 155.401617409
-15.767426539 10.9635327049
-11.999455294 90.0517693649
-45.9444887481 -34.315975361
-23.5007640263 93.9324946706
3.97461166675 47.623547385
59.052091862 -11.5795201342
-75.3048101137 -40.9445882227
15.2762608418 -82.5917272444
41.2500682619 -54.0815706828
-15.4319880779 -81.4111879484
51.5955296368 -39.4560736558
2.18665054891 -31.0995609966
-17.9807571518 51.7902701513
78.6204705227 -20.2010408586
91.0696552729 -18.6889123156
-70.3263635507 28.0262977525
-41.8720948525 -70.8795103257

17 155.401617409
-15.767426539 10.9635327049
-11.999455294 90.0517693649
-45.9444887481 -34.315975361
-23.5007640263 93.9324946706
3.97461166675 47.623547385
59.052091862 -11.5795201342
-75.3048101137 -40.9445882227
15.2762608418 -82.5917272444
41.2500682619 -54.0815706828
-15.4319880779 -81.4111879484
51.5955296368 -39.4560736558
2.18665054891 -31.0995609966
-17.9807571518 51.7902701513
78.6204705227 -20.2010408586
91.0696552729 -18.6889123156
-70.3263635507 28.0262977525
-41.8720948525 -70.8795103257

17 155.401617409
-15.767426539 10.9635327049
-11.999455294 90.0517693649
-45.9444887481 -34.315975361
-23.5007640263 93.9324946706
3.97461166675 47.623547385
59.052091862 -11.5795201342
-75.3048101137 -40.9445882227
15.2762608418 -82.5917272444
41.2500682619 -54.0815706828
-15.4319880779 -81.4111879484
51.5955296368 -39.4560736558
2.18665054891 -31.0995609966
-17.9807571518 51.7902701513
78.6204705227 -20.2010408586
91.0696552729 -18.6889123156
-70.3263635507 28.0262977525
-41.8720948525 -70.8795103257

17 155.401617409
-15.767426539 10.9635327049
-11.999455294 90.0517693649
-45.9444887481 -34.315975361
-23.5007640263 93.9324946706
3.97461166675 47.623547385
59.052091862 -11.5795201342
-75.3048101137 -40.9445882227
15.2762608418 -82.5917272444
41.2500682619 -54.0815706828
-15.4319880779 -81.4111879484
51.5955296368 -39.4560736558
2.18665054891 -31.0995609966
-17.9807571518 51.7902701513
78.6204705227 -20.2010408586
91.0696552729 -18.6889123156
-70.3263635507 28.0262977525
-41.8720948525 -70.8795103257

17 155.401617409
-15.767426539 10.9635327049
-11.999455294 90.0517693649
-45.9444887481 -34.315975361
-23.5007640263 93.9324946706
3.97461166675 47.623547385
59.052091862 -11.5795201342
-75.3048101137 -40.9445882227
15.2762608418 -82.5917272444
41.2500682619 -54.0815706828
-15.4319880779 -81.4111879484
51.5955296368 -39.4560736558
2.18665054891 -31.0995609966
-17.9807571518 51.7902701513
78.6204705227 -20.2010408586
91.0696552729 -18.6889123156
-70.3263635507 28.0262977525
-41.8720948525 -70.8795103257

17 155.401617409
-15.767426539 10.9635327049
-11.999455294 90.0517693649
-45.9444887481 -34.315975361
-23.5007640263 93.9324946706
3.97461166675 47.623547385
59.052091862 -11.5795201342
-75.3048101137 -40.9445882227
15.2762608418 -82.5917272444
41.2500682619 -54.0815706828
-15.4319880779 -81.4111879484
51.5955296368 -39.4560736558
2.18665054891 -31.0995609966
-17.9807571518 51.7902701513
78.6204705227 -20.2010408586
91.0696552729 -18.6889123156
-70.3263635507 28.0262977525
-41.8720948525 -70.8795103257

17 155.401617409
-15.767426539 10.9635327049
-11.999455294 90.0517693649
-45.9444887481 -34.315975361
-23.5007640263 93.9324946706
3.97461166675 47.623547385
59.052091862 -11.5795201342
-75.3048101137 -40.9445882227
15.2762608418 -82.5917272444
41.2500682619 -54.0815706828
-15.4319880779 -81.4111879484
51.5955296368 -39.4560736558
2.18665054891 -31.0995609966
-17.9807571518 51.7902701513
78.6204705227 -20.2010408586
91.0696552729 -18.6889123156
-70.3263635507 28.0262977525
-41.8720948525 -70.8795103257

17 155.401617409
-15.767426539 10.9635327049
-11.999455294 90.0517693649
-45.9444887481 -34.315975361
-23.5007640263 93.9324946706
3.97461166675 47.623547385
59.052091862 -11.5795201342
-75.3048101137 -40.9445882227
15.2762608418 -82.5917272444
41.2500682619 -54.0815706828
-15.4319880779 -81.4111879484
51.5955296368 -39.4560736558
2.18665054891 -31.0995609966
-17.9807571518 51.7902701513
78.6204705227 -20.2010408586
91.0696552729 -18.6889123156
-70.3263635507 28.0262977525
-41.8720948525 -70.8795103257

17 155.401617409
-15.767426539 10.9635327049
-11.999455294 90.0517693649
-45.9444887481 -34.315975361
-23.5007640263 93.9324946706
3.97461166675 47.623547385
59.052091862 -11.5795201342
-75.3048101137 -40.9445882227
15.2762608418 -82.5917272444
41.2500682619 -54.0815706828
-15.4319880779 -81.4111879484
51.5955296368 -39.4560736558
2.18665054891 -31.0995609966
-17.9807571518 51.7902701513
78.6204705227 -20.2010408586
91.0696552729 -18.6889123156
-70.3263635507 28.0262977525
-41.8720948525 -70.8795103257

17 155.401617409
-15.767426539 10.9635327049
-11.999455294 90.0517693649
-45.9444887481 -34.315975361
-23.5007640263 93.9324946706
3.97461166675 47.623547385
59.052091862 -11.5795201342
-75.3048101137 -40.9445882227
15.2762608418 -82.5917272444
41.2500682619 -54.0815706828
-15.4319880779 -81.4111879484
51.5955296368 -39.4560736558
2.18665054891 -31.0995609966
-17.9807571518 51.7902701513
78.6204705227 -20.2010408586
91.0696552729 -18.6889123156
-70.3263635507 28.0262977525
-41.8720948525 -70.8795103257

17 155.401617409
-15.767426539 10.9635327049
-11.999455294 90.0517693649
-45.9444887481 -34.315975361
-23.5007640263 93.9324946706
3.97461166675 47.623547385
59.052091862 -11.5795201342
-75.3048101137 -40.9445882227
15.2762608418 -82.5917272444
41.2500682619 -54.0815706828
-15.4319880779 -81.4111879484
51.5955296368 -39.4560736558
2.18665054891 -31.0995609966
-17.9807571518 51.7902701513
78.6204705227 -20.2010408586
91.0696552729 -18.6889123156
-70.3263635507 28.0262977525
-41.8720948525 -70.8795103257

17 155.401617409
-15.767426539 10.9635327049
-11.999455294 90.0517693649
-45.9444887481 -34.315975361
-23.5007640263 93.9324946706
3.97461166675 47.623547385
59.052091862 -11.5795201342
-75.3048101137 -40.9445882227
15.2762608418 -82.5917272444
41.2500682619 -54.0815706828
-15.4319880779 -81.4111879484
51.5955296368 -39.4560736558
2.18665054891 -31.0995609966
-17.9807571518 51.7902701513
78.6204705227 -20.2010408586
91.0696552729 -18.6889123156
-70.3263635507 28.0262977525
-41.8720948525 -70.8795103257

17 155.401617409
-15.767426539 10.9635327049
-11.999455294 90.0517693649
-45.9444887481 -34.315975361
-23.5007640263 93.9324946706
3.97461166675 47.623547385
59.052091862 -11.5795201342
-75.3048101137 -40.9445882227
15.2762608418 -82.5917272444
41.2500682619 -54.0815706828
-15.4319880779 -81.4111879484
51.5955296368 -39.4560736558
2.18665054891 -31.0995609966
-17.9807571518 51.7902701513
78.6204705227 -20.2010408586
91.0696552729 -18.6889123156
-70.3263635507 28.0262977525
-41.8720948525 -70.8795103257

17 155.401617409
-15.767426539 10.9635327049
-11.999455294 90.0517693649
-45.9444887481 -34.315975361
-23.5007640263 93.9324946706
3.97461166675 47.623547385
59.052091862 -11.5795201342
-75.3048101137 -40.9445882227
15.2762608418 -82.5917272444
41.2500682619 -54.0815706828
-15.4319880779 -81.4111879484
51.5955296368 -39.4560736558
2.18665054891 -31.0995609966
-17.9807571518 51.7902701513
78.6204705227 -20.2010408586
91.0696552729 -18.6889123156
-70.3263635507 28.0262977525
-41.8720948525 -70.8795103257

17 155.401617409
-15.767426539 10.9635327049
-11.999455294 90.0517693649
-45.9444887481 -34.315975361
-23.5007640263 93.9324946706
3.97461166675 47.623547385
59.052091862 -11.5795201342
-75.3048101137 -40.9445882227
15.2762608418 -82.5917272444
41.2500682619 -54.0815706828
-15.4319880779 -81.4111879484
51.5955296368 -39.4560736558
2.18665054891 -31.0995609966
-17.9807571518 51.7902701513
78.6204705227 -20.2010408586
91.0696552729 -18.6889123156
-70.3263635507 28.0262977525
-41.8720948525 -70.8795103257

17 155.401617409
-15.767426539 10.9635327049
-11.999455294 90.0517693649
-45.9444887481 -34.315975361
-23.5007640263 93.9324946706
3.97461166675 47.623547385
59.052091862 -11.5795201342
-75.3048101137 -40.9445882227
15.2762608418 -82.5917272444
41.2500682619 -54.0815706828
-15.4319880779 -81.4111879484
51.5955296368 -39.4560736558
2.18665054891 -31.0995609966
-17.9807571518 51.7902701513
78.6204705227 -20.2010408586
91.0696552729 -18.6889123156
-70.3263635507 28.0262977525
-41.8720948525 -70.8795103257

17 155.401617409
-15.767426539 10.9635327049
-11.999455294 90.0517693649
-45.9444887481 -34.315975361
-23.5007640263 93.9324946706
3.97461166675 47.623547385
59.052091862 -11.5795201342
-75.3048101137 -40.9445882227
15.2762608418 -82.5917272444
41.2500682619 -54.0815706828
-15.4319880779 -81.4111879484
51.5955296368 -39.4560736558
2.18665054891 -31.0995609966
-17.9807571518 51.7902701513
78.6204705227 -20.2010408586
91.0696552729 -18.6889123156
-70.3263635507 28.0262977525
-41.8720948525 -70.8795103257

17 155.401617409
-15.767426539 10.9635327049
-11.999455294 90.0517693649
-45.9444887481 -34.315975361
-23.5007640263 93.9324946706
3.97461166675 47.623547385
59.052091862 -11.5795201342
-75.3048101137 -40.9445882227
15.2762608418 -82.5917272444
41.2500682619 -54.0815706828
-15.4319880779 -81.4111879484
51.5955296368 -39.4560736558
2.18665054891 -31.0995609966
-17.9807571518 51.7902701513
78.6204705227 -20.2010408586
91.0696552729 -18.6889123156
-70.3263635507 28.0262977525
-41.8720948525 -70.8795103257

17 155.401617409
-15.767426539 10.9635327049
-11.999455294 90.0517693649
-45.9444887481 -34.315975361
-23.5007640263 93.9324946706
3.97461166675 47.623547385
59.052091862 -11.5795201342
-75.3048101137 -40.9445882227
15.2762608418 -82.5917272444
41.2500682619 -54.0815706828
-15.4319880779 -81.4111879484
51.5955296368 -39.4560736558
2.18665054891 -31.0995609966
-17.9807571518 51.7902701513
78.6204705227 -20.2010408586
91.0696552729 -18.6889123156
-70.3263635507 28.0262977525
-41.8720948525 -70.8795103257

17 155.401617409
-15.767426539 10.9635327049
-11.999455294 90.0517693649
-45.9444887481 -34.315975361
-23.5007640263 93.9324946706
3.97461166675 47.623547385
59.052091862 -11.5795201342
-75.3048101137 -40.9445882227
15.2762608418 -82.5917272444
41.2500682619 -54.0815706828
-15.4319880779 -81.4111879484
51.5955296368 -39.4560736558
2.18665054891 -31.0995609966
-17.9807571518 51.7902701513
78.6204705227 -20.2010408586
91.0696552729 -18.6889123156
-70.3263635507 28.0262977525
-41.8720948525 -70.8795103257

17 155.401617409
-15.767426539 10.9635327049
-11.999455294 90.0517693649
-45.9444887481 -34.315975361
-23.5007640263 93.9324946706
3.97461166675 47.623547385
59.052091862 -11.5795201342
-75.3048101137 -40.9445882227
15.2762608418 -82.5917272444
41.2500682619 -54.0815706828
-15.4319880779 -81.4111879484
51.5955296368 -39.4560736558
2.18665054891 -31.0995609966
-17.9807571518 51.7902701513
78.6204705227 -20.2010408586
91.0696552729 -18.6889123156
-70.3263635507 28.0262977525
-41.8720948525 -70.8795103257

17 155.401617409
-15.767426539 10.9635327049
-11.999455294 90.0517693649
-45.9444887481 -34.315975361
-23.5007640263 93.9324946706
3.97461166675 47.623547385
59.052091862 -11.5795201342
-75.3048101137 -40.9445882227
15.2762608418 -82.5917272444
41.2500682619 -54.0815706828
-15.4319880779 -81.4111879484
51.5955296368 -39.4560736558
2.18665054891 -31.0995609966
-17.9807571518 51.7902701513
78.6204705227 -20.2010408586
91.0696552729 -18.6889123156
-70.3263635507 28.0262977525
-41.8720948525 -70.8795103257

17 155.401617409
-15.767426539 10.9635327049
-11.999455294 90.0517693649
-45.9444887481 -34.315975361
-23.5007640263 93.9324946706
3.97461166675 47.623547385
59.052091862 -11.5795201342
-75.3048101137 -40.9445882227
15.2762608418 -82.5917272444
41.2500682619 -54.0815706828
-15.4319880779 -81.4111879484
51.5955296368 -39.4560736558
2.18665054891 -31.0995609966
-17.9807571518 51.7902701513
78.6204705227 -20.2010408586
91.0696552729 -18.6889123156
-70.3263635507 28.0262977525
-41.8720948525 -70.8795103257

17 155.401617409
-15.767426539 10.9635327049
-11.999455294 90.0517693649
-45.9444887481 -34.315975361
-23.5007640263 93.9324946706
3.97461166675 47.623547385
59.052091862 -11.5795201342
-75.3048101137 -40.9445882227
15.2762608418 -82.5917272444
41.2500682619 -54.0815706828
-15.4319880779 -81.4111879484
51.5955296368 -39.4560736558
2.18665054891 -31.0995609966
-17.9807571518 51.7902701513
78.6204705227 -20.2010408586
91.0696552729 -18.6889123156
-70.3263635507 28.0262977525
-41.8720948525 -70.8795103257

17 155.401617409
-15.767426539 10.9635327049
-11.999455294 90.0517693649
-45.9444887481 -34.315975361
-23.5007640263 93.9324946706
3.97461166675 47.623547385
59.052091862 -11.5795201342
-75.3048101137 -40.9445882227
15.2762608418 -82.5917272444
41.2500682619 -54.0815706828
-15.4319880779 -81.4111879484
51.5955296368 -39.4560736558
2.18665054891 -31.0995609966
-17.9807571518 51.7902701513
78.6204705227 -20.2010408586
91.0696552729 -18.6889123156
-70.3263635507 28.0262977525
-41.8720948525 -70.8795103257

17 155.401617409
-15.767426539 10.9635327049
-11.999455294 90.0517693649
-45.9444887481 -34.315975361
-23.5007640263 93.9324946706
3.97461166675 47.623547385
59.052091862 -11.5795201342
-75.3048101137 -40.9445882227
15.2762608418 -82.5917272444
41.2500682619 -54.0815706828
-15.4319880779 -81.4111879484
51.5955296368 -39.4560736558
2.18665054891 -31.0995609966
-17.9807571518 51.7902701513
78.6204705227 -20.2010408586
91.0696552729 -18.6889123156
-70.3263635507 28.0262977525
-41.8720948525 -70.8795103257
