40

4 90.1829552784
-24.7668252381 32.6632208634
73.4245112883 16.4414760826
59.4720653931 36.0031780262
-28.1939326151 40.3511456886

4 90.1829552784
-24.7668252381 32.6632208634
73.4245112883 16.4414760826
59.4720653931 36.0031780262
-28.1939326151 40.3511456886

4 90.1829552784
-24.7668252381 32.6632208634
73.4245112883 16.4414760826
59.4720653931 36.0031780262
-28.1939326151 40.3511456886

4 90.1829552784
-24.7668252381 32.6632208634
73.4245112883 16.4414760826
59.4720653931 36.0031780262
-28.1939326151 40.3511456886

4 90.1829552784
-24.7668252381 32.6632208634
73.4245112883 16.4414760826
59.4720653931 36.0031780262
-28.1939326151 40.3511456886

4 90.1829552784
-24.7668252381 32.6632208634
73.4245112883 16.4414760826
59.4720653931 36.0031780262
-28.1939326151 40.3511456886

4 90.1829552784
-24.7668252381 32.6632208634
73.4245112883 16.4414760826
59.4720653931 36.0031780262
-28.1939326151 40.3511456886

4 90.1829552784
-24.7668252381 32.6632208634
73.4245112883 16.4414760826
59.4720653931 36.0031780262
-28.1939326151 40.3511456886

4 90.1829552784
-24.7668252381 32.6632208634
73.4245112883 16.4414760826
59.4720653931 36.0031780262
-28.1939326151 40.3511456886

4 90.1829552784
-24.7668252381 32.6632208634
73.4245112883 16.4414760826
59.4720653931 36.0031780262
-28.1939326151 40.3511456886

4 90.1829552784
-24.7668252381 32.6632208634
73.4245112883 16.4414760826
59.4720653931 36.0031780262
-28.1939326151 40.3511456886

4 90.1829552784
-24.7668252381 32.6632208634
73.4245112883 16.4414760826
59.4720653931 36.0031780262
-28.1939326151 40.3511456886

4 90.1829552784
-24.7668252381 32.6632208634
73.4245112883 16.4414760826
59.4720653931 36.0031780262
-28.1939326151 40.3511456886

4 90.1829552784
-24.7668252381 32.6632208634
73.4245112883 16.4414760826
59.4720653931 36.0031780262
-28.1939326151 40.3511456886

4 90.1829552784
-24.7668252381 32.6632208634
73.4245112883 16.4414760826
59.4720653931 36.0031780262
-28.1939326151 40.3511456886

4 90.1829552784
-24.7668252381 32.6632208634
73.4245112883 16.4414760826
59.4720653931 36.0031780262
-28.1939326151 40.3511456886

4 90.1829552784
-24.7668252381 32.6632208634
73.4245112883 16.4414760826
59.4720653931 36.0031780262
-28.1939326151 40.3511456886

4 90.1829552784
-24.7668252381 32.6632208634
73.4245112883 16.4414760826
59.4720653931 36.0031780262
-28.1939326151 40.3511456886

4 90.1829552784
-24.7668252381 32.6632208634
73.4245112883 16.4414760826
59.4720653931 36.0031780262
-28.1939326151 40.3511456886

4 90.1829552784
-24.7668252381 32.6632208634
73.4245112883 16.4414760826
59.4720653931 36.0031780262
-28.1939326151 40.3511456886

4 90.1829552784
-24.7668252381 32.6632208634
73.4245112883 16.4414760826
59.4720653931 36.0031780262
-28.1939326151 40.3511456886

4 90.1829552784
-24.7668252381 32.6632208634
73.4245112883 16.4414760826
59.4720653931 36.0031780262
-28.1939326151 40.3511456886

4 90.1829552784
-24.7668252381 32.6632208634
73.4245112883 16.4414760826
59.4720653931 36.0031780262
-28.1939326151 40.3511456886

4 90.1829552784
-24.7668252381 32.6632208634
73.4245112883 16.4414760826
59.4720653931 36.0031780262
-28.1939326151 40.3511456886

4 90.1829552784
-24.7668252381 32.6632208634
73.4245112883 16.4414760826
59.4720653931 36.0031780262
-28.1939326151 40.3511456886

4 90.1829552784
-24.7668252381 32.6632208634
73.4245112883 16.4414760826
59.4720653931 36.0031780262
-28.1939326151 40.3511456886

4 90.1829552784
-24.7668252381 32.6632208634
73.4245112883 16.4414760826
59.4720653931 36.0031780262
-28.1939326151 40.3511456886

4 90.1829552784
-24.7668252381 32.6632208634
73.4245112883 16.4414760826
59.4720653931 36.0031780262
-28.1939326151 40.3511456886

4 90.1829552784
-24.7668252381 32.6632208634
73.4245112883 16.4414760826
59.4720653931 36.0031780262
-28.1939326151 40.3511456886

4 90.1829552784
-24.7668252381 32.6632208634
73.4245112883 16.4414760826
59.4720653931 36.0031780262
-28.1939326151 40.3511456886

4 90.1829552784
-24.7668252381 32.6632208634
73.4245112883 16.4414760826
59.4720653931 36.0031780262
-28.1939326151 40.3511456886

4 90.1829552784
-24.7668252381 32.6632208634
73.4245112883 16.4414760826
59.4720653931 36.0031780262
-28.1939326151 40.3511456886

4 90.1829552784
-24.7668252381 32.6632208634
73.4245112883 16.4414760826
59.4720653931 36.0031780262
-28.1939326151 40.3511456886

4 90.1829552784
-24.7668252381 32.6632208634
73.4245112883 16.4414760826
59.4720653931 36.0031780262
-28.1939326151 40.3511456886

4 90.1829552784
-24.7668252381 32.6632208634
73.4245112883 16.4414760826
59.4720653931 36.0031780262
-28.1939326151 40.3511456886

4 90.1829552784
-24.7668252381 32.6632208634
73.4245112883 16.4414760826
59.4720653931 36.0031780262
-28.1939326151 40.3511456886

4 90.1829552784
-24.7668252381 32.6632208634
73.4245112883 16.4414760826
59.4720653931 36.0031780262
-28.1939326151 40.3511456886

4 90.1829552784
-24.7668252381 32.6632208634
73.4245112883 16.4414760826
59.4720653931 36.0031780262
-28.1939326151 40.3511456886

4 90.1829552784
-24.7668252381 32.6632208634
73.4245112883 16.4414760826
59.4720653931 36.0031780262
-28.1939326151 40.3511456886

4 90.1829552784
-24.7668252381 32.6632208634
73.4245112883 16.4414760826
59.4720653931 36.0031780262
-28.1939326151 40.3511456886
