40

4 20.0845102573
-12.8238519342 94.2730736162
-20.3514577181 -56.8488938071
53.8616057183 25.0823103739
-13.3447522631 -24.8104643301

4 20.0845102573
-12.8238519342 94.2730736162
-20.3514577181 -56.8488938071
53.8616057183 25.0823103739
-13.3447522631 -24.8104643301

4 20.0845102573
-12.8238519342 94.2730736162
-20.3514577181 -56.8488938071
53.8616057183 25.0823103739
-13.3447522631 -24.8104643301

4 20.0845102573
-12.8238519342 94.2730736162
-20.3514577181 -56.8488938071
53.8616057183 25.0823103739
-13.3447522631 -24.8104643301

4 20.0845102573
-12.8238519342 94.2730736162
-20.3514577181 -56.8488938071
53.8616057183 25.0823103739
-13.3447522631 -24.8104643301

4 20.0845102573
-12.8238519342 94.2730736162
-20.3514577181 -56.8488938071
53.8616057183 25.0823103739
-13.3447522631 -24.8104643301

4 20.0845102573
-12.8238519342 94.2730736162
-20.3514577181 -56.8488938071
53.8616057183 25.0823103739
-13.3447522631 -24.8104643301

4 20.0845102573
-12.8238519342 94.2730736162
-20.3514577181 -56.8488938071
53.8616057183 25.0823103739
-13.3447522631 -24.8104643301

4 20.0845102573
-12.8238519342 94.2730736162
-20.3514577181 -56.8488938071
53.8616057183 25.0823103739
-13.3447522631 -24.8104643301

4 20.0845102573
-12.8238519342 94.2730736162
-20.3514577181 -56.8488938071
53.8616057183 25.0823103739
-13.3447522631 -24.8104643301

4 20.0845102573
-12.8238519342 94.2730736162
-20.3514577181 -56.8488938071
53.8616057183 25.0823103739
-13.3447522631 -24.8104643301

4 20.0845102573
-12.8238519342 94.2730736162
-20.3514577181 -56.8488938071
53.8616057183 25.0823103739
-13.3447522631 -24.8104643301

4 20.0845102573
-12.8238519342 94.2730736162
-20.3514577181 -56.8488938071
53.8616057183 25.0823103739
-13.3447522631 -24.8104643301

4 20.0845102573
-12.8238519342 94.2730736162
-20.3514577181 -56.8488938071
53.8616057183 25.0823103739
-13.3447522631 -24.8104643301

4 20.0845102573
-12.8238519342 94.2730736162
-20.3514577181 -56.8488938071
53.8616057183 25.0823103739
-13.3447522631 -24.8104643301

4 20.0845102573
-12.8238519342 94.2730736162
-20.3514577181 -56.8488938071
53.8616057183 25.0823103739
-13.3447522631 -24.8104643301

4 20.0845102573
-12.8238519342 94.2730736162
-20.3514577181 -56.8488938071
53.8616057183 25.0823103739
-13.3447522631 -24.8104643301

4 20.0845102573
-12.8238519342 94.2730736162
-20.3514577181 -56.8488938071
53.8616057183 25.0823103739
-13.3447522631 -24.8104643301

4 20.0845102573
-12.8238519342 94.2730736162
-20.3514577181 -56.8488938071
53.8616057183 25.0823103739
-13.3447522631 -24.8104643301

4 20.0845102573
-12.8238519342 94.2730736162
-20.3514577181 -56.8488938071
53.8616057183 25.0823103739
-13.3447522631 -24.8104643301

4 20.0845102573
-12.8238519342 94.2730736162
-20.3514577181 -56.8488938071
53.8616057183 25.0823103739
-13.3447522631 -24.8104643301

4 20.0845102573
-12.8238519342 94.2730736162
-20.3514577181 -56.8488938071
53.8616057183 25.0823103739
-13.3447522631 -24.8104643301

4 20.0845102573
-12.8238519342 94.2730736162
-20.3514577181 -56.8488938071
53.8616057183 25.0823103739
-13.3447522631 -24.8104643301

4 20.0845102573
-12.8238519342 94.2730736162
-20.3514577181 -56.8488938071
53.8616057183 25.0823103739
-13.3447522631 -24.8104643301

4 20.0845102573
-12.8238519342 94.2730736162
-20.3514577181 -56.8488938071
53.8616057183 25.0823103739
-13.3447522631 -24.8104643301

4 20.0845102573
-12.8238519342 94.2730736162
-20.3514577181 -56.8488938071
53.8616057183 25.0823103739
-13.3447522631 -24.8104643301

4 20.0845102573
-12.8238519342 94.2730736162
-20.3514577181 -56.8488938071
53.8616057183 25.0823103739
-13.3447522631 -24.8104643301

4 20.0845102573
-12.8238519342 94.2730736162
-20.3514577181 -56.8488938071
53.8616057183 25.0823103739
-13.3447522631 -24.8104643301

4 20.0845102573
-12.8238519342 94.2730736162
-20.3514577181 -56.8488938071
53.8616057183 25.0823103739
-13.3447522631 -24.8104643301

4 20.0845102573
-12.8238519342 94.2730736162
-20.3514577181 -56.8488938071
53.8616057183 25.0823103739
-13.3447522631 -24.8104643301

4 20.0845102573
-12.8238519342 94.2730736162
-20.3514577181 -56.8488938071
53.8616057183 25.0823103739
-13.3447522631 -24.8104643301

4 20.0845102573
-12.8238519342 94.2730736162
-20.3514577181 -56.8488938071
53.8616057183 25.0823103739
-13.3447522631 -24.8104643301

4 20.0845102573
-12.8238519342 94.2730736162
-20.3514577181 -56.8488938071
53.8616057183 25.0823103739
-13.3447522631 -24.8104643301

4 20.0845102573
-12.8238519342 94.2730736162
-20.3514577181 -56.8488938071
53.8616057183 25.0823103739
-13.3447522631 -24.8104643301

4 20.0845102573
-12.8238519342 94.2730736162
-20.3514577181 -56.8488938071
53.8616057183 25.0823103739
-13.3447522631 -24.8104643301

4 20.0845102573
-12.8238519342 94.2730736162
-20.3514577181 -56.8488938071
53.8616057183 25.0823103739
-13.3447522631 -24.8104643301

4 20.0845102573
-12.8238519342 94.2730736162
-20.3514577181 -56.8488938071
53.8616057183 25.0823103739
-13.3447522631 -24.8104643301

4 20.0845102573
-12.8238519342 94.2730736162
-20.3514577181 -56.8488938071
53.8616057183 25.0823103739
-13.3447522631 -24.8104643301

4 20.0845102573
-12.8238519342 94.2730736162
-20.3514577181 -56.8488938071
53.8616057183 25.0823103739
-13.3447522631 -24.8104643301

4 20.0845102573
-12.8238519342 94.2730736162
-20.3514577181 -56.8488938071
53.8616057183 25.0823103739
-13.3447522631 -24.8104643301
