40

15 126.228641198
-44.0122386695 19.7565648803
17.7688126041 -6.0303969217
-81.2753593384 71.0303045779
40.8601081861 -85.3319099164
76.3869425675 -0.989490004218
2.6169862982 -2.27787155102
-14.8957463529 -22.2119891002
-46.585598934 -31.8141709945
-1.01453049753 21.848773864
99.5169170615 -91.8048737564
-53.9330987778 -81.5253708687
-95.2511084685 0.140959570161
20.2214912864 -61.9677884868
-4.4125377107 -51.0735012001
-12.3211919878 -18.045880082

15 126.228641198
-44.0122386695 19.7565648803
17.7688126041 -6.0303969217
-81.2753593384 71.0303045779
40.8601081861 -85.3319099164
76.3869425675 -0.989490004218
2.6169862982 -2.27787155102
-14.8957463529 -22.2119891002
-46.585598934 -31.8141709945
-1.01453049753 21.848773864
99.5169170615 -91.8048737564
-53.9330987778 -81.5253708687
-95.2511084685 0.140959570161
20.2214912864 -61.9677884868
-4.4125377107 -51.0735012001
-12.3211919878 -18.045880082

15 126.228641198
-44.0122386695 19.7565648803
17.7688126041 -6.0303969217
-81.2753593384 71.0303045779
40.8601081861 -85.3319099164
76.3869425675 -0.989490004218
2.6169862982 -2.27787155102
-14.8957463529 -22.2119891002
-46.585598934 -31.8141709945
-1.01453049753 21.848773864
99.5169170615 -91.8048737564
-53.9330987778 -81.5253708687
-95.2511084685 0.140959570161
20.2214912864 -61.9677884868
-4.4125377107 -51.0735012001
-12.3211919878 -18.045880082

15 126.228641198
-44.0122386695 19.7565648803
17.7688126041 -6.0303969217
-81.2753593384 71.0303045779
40.8601081861 -85.3319099164
76.3869425675 -0.989490004218
2.6169862982 -2.27787155102
-14.8957463529 -22.2119891002
-46.585598934 -31.8141709945
-1.01453049753 21.848773864
99.5169170615 -91.8048737564
-53.9330987778 -81.5253708687
-95.2511084685 0.140959570161
20.2214912864 -61.9677884868
-4.4125377107 -51.0735012001
-12.3211919878 -18.045880082

15 126.228641198
-44.0122386695 19.7565648803
17.7688126041 -6.0303969217
-81.2753593384 71.0303045779
40.8601081861 -85.3319099164
76.3869425675 -0.989490004218
2.6169862982 -2.27787155102
-14.8957463529 -22.2119891002
-46.585598934 -31.8141709945
-1.01453049753 21.848773864
99.5169170615 -91.8048737564
-53.9330987778 -81.5253708687
-95.2511084685 0.140959570161
20.2214912864 -61.9677884868
-4.4125377107 -51.0735012001
-12.3211919878 -18.045880082

15 126.228641198
-44.0122386695 19.7565648803
17.7688126041 -6.0303969217
-81.2753593384 71.0303045779
40.8601081861 -85.3319099164
76.3869425675 -0.989490004218
2.6169862982 -2.27787155102
-14.8957463529 -22.2119891002
-46.585598934 -31.8141709945
-1.01453049753 21.848773864
99.5169170615 -91.8048737564
-53.9330987778 -81.5253708687
-95.2511084685 0.140959570161
20.2214912864 -61.9677884868
-4.4125377107 -51.0735012001
-12.3211919878 -18.045880082

15 126.228641198
-44.0122386695 19.7565648803
17.7688126041 -6.0303969217
-81.2753593384 71.0303045779
40.8601081861 -85.3319099164
76.3869425675 -0.989490004218
2.6169862982 -2.27787155102
-14.8957463529 -22.2119891002
-46.585598934 -31.8141709945
-1.01453049753 21.848773864
99.5169170615 -91.8048737564
-53.9330987778 -81.5253708687
-95.2511084685 0.140959570161
20.2214912864 -61.9677884868
-4.4125377107 -51.0735012001
-12.3211919878 -18.045880082

15 126.228641198
-44.0122386695 19.7565648803
17.7688126041 -6.0303969217
-81.2753593384 71.0303045779
40.8601081861 -85.3319099164
76.3869425675 -0.989490004218
2.6169862982 -2.27787155102
-14.8957463529 -22.2119891002
-46.585598934 -31.8141709945
-1.01453049753 21.848773864
99.5169170615 -91.8048737564
-53.9330987778 -81.5253708687
-95.2511084685 0.140959570161
20.2214912864 -61.9677884868
-4.4125377107 -51.0735012001
-12.3211919878 -18.045880082

15 126.228641198
-44.0122386695 19.7565648803
17.7688126041 -6.0303969217
-81.2753593384 71.0303045779
40.8601081861 -85.3319099164
76.3869425675 -0.989490004218
2.6169862982 -2.27787155102
-14.8957463529 -22.2119891002
-46.585598934 -31.8141709945
-1.01453049753 21.848773864
99.5169170615 -91.8048737564
-53.9330987778 -81.5253708687
-95.2511084685 0.140959570161
20.2214912864 -61.9677884868
-4.4125377107 -51.0735012001
-12.3211919878 -18.045880082

15 126.228641198
-44.0122386695 19.7565648803
17.7688126041 -6.0303969217
-81.2753593384 71.0303045779
40.8601081861 -85.3319099164
76.3869425675 -0.989490004218
2.6169862982 -2.27787155102
-14.8957463529 -22.2119891002
-46.585598934 -31.8141709945
-1.01453049753 21.848773864
99.5169170615 -91.8048737564
-53.9330987778 -81.5253708687
-95.2511084685 0.140959570161
20.2214912864 -61.9677884868
-4.4125377107 -51.0735012001
-12.3211919878 -18.045880082

15 126.228641198
-44.0122386695 19.7565648803
17.7688126041 -6.0303969217
-81.2753593384 71.0303045779
40.8601081861 -85.3319099164
76.3869425675 -0.989490004218
2.6169862982 -2.27787155102
-14.8957463529 -22.2119891002
-46.585598934 -31.8141709945
-1.01453049753 21.848773864
99.5169170615 -91.8048737564
-53.9330987778 -81.5253708687
-95.2511084685 0.140959570161
20.2214912864 -61.9677884868
-4.4125377107 -51.0735012001
-12.3211919878 -18.045880082

15 126.228641198
-44.0122386695 19.7565648803
17.7688126041 -6.0303969217
-81.2753593384 71.0303045779
40.8601081861 -85.3319099164
76.3869425675 -0.989490004218
2.6169862982 -2.27787155102
-14.8957463529 -22.2119891002
-46.585598934 -31.8141709945
-1.01453049753 21.848773864
99.5169170615 -91.8048737564
-53.9330987778 -81.5253708687
-95.2511084685 0.140959570161
20.2214912864 -61.9677884868
-4.4125377107 -51.0735012001
-12.3211919878 -18.045880082

15 126.228641198
-44.0122386695 19.7565648803
17.7688126041 -6.0303969217
-81.2753593384 71.0303045779
40.8601081861 -85.3319099164
76.3869425675 -0.989490004218
2.6169862982 -2.27787155102
-14.8957463529 -22.2119891002
-46.585598934 -31.8141709945
-1.01453049753 21.848773864
99.5169170615 -91.8048737564
-53.9330987778 -81.5253708687
-95.2511084685 0.140959570161
20.2214912864 -61.9677884868
-4.4125377107 -51.0735012001
-12.3211919878 -18.045880082

15 126.228641198
-44.0122386695 19.7565648803
17.7688126041 -6.0303969217
-81.2753593384 71.0303045779
40.8601081861 -85.3319099164
76.3869425675 -0.989490004218
2.6169862982 -2.27787155102
-14.8957463529 -22.2119891002
-46.585598934 -31.8141709945
-1.01453049753 21.848773864
99.5169170615 -91.8048737564
-53.9330987778 -81.5253708687
-95.2511084685 0.140959570161
20.2214912864 -61.9677884868
-4.4125377107 -51.0735012001
-12.3211919878 -18.045880082

15 126.228641198
-44.0122386695 19.7565648803
17.7688126041 -6.0303969217
-81.2753593384 71.0303045779
40.8601081861 -85.3319099164
76.3869425675 -0.989490004218
2.6169862982 -2.27787155102
-14.8957463529 -22.2119891002
-46.585598934 -31.8141709945
-1.01453049753 21.848773864
99.5169170615 -91.8048737564
-53.9330987778 -81.5253708687
-95.2511084685 0.140959570161
20.2214912864 -61.9677884868
-4.4125377107 -51.0735012001
-12.3211919878 -18.045880082

15 126.228641198
-44.0122386695 19.7565648803
17.7688126041 -6.0303969217
-81.2753593384 71.0303045779
40.8601081861 -85.3319099164
76.3869425675 -0.989490004218
2.6169862982 -2.27787155102
-14.8957463529 -22.2119891002
-46.585598934 -31.8141709945
-1.01453049753 21.848773864
99.5169170615 -91.8048737564
-53.9330987778 -81.5253708687
-95.2511084685 0.140959570161
20.2214912864 -61.9677884868
-4.4125377107 -51.0735012001
-12.3211919878 -18.045880082

15 126.228641198
-44.0122386695 19.7565648803
17.7688126041 -6.0303969217
-81.2753593384 71.0303045779
40.8601081861 -85.3319099164
76.3869425675 -0.989490004218
2.6169862982 -2.27787155102
-14.8957463529 -22.2119891002
-46.585598934 -31.8141709945
-1.01453049753 21.848773864
99.5169170615 -91.8048737564
-53.9330987778 -81.5253708687
-95.2511084685 0.140959570161
20.2214912864 -61.9677884868
-4.4125377107 -51.0735012001
-12.3211919878 -18.045880082

15 126.228641198
-44.0122386695 19.7565648803
17.7688126041 -6.0303969217
-81.2753593384 71.0303045779
40.8601081861 -85.3319099164
76.3869425675 -0.989490004218
2.6169862982 -2.27787155102
-14.8957463529 -22.2119891002
-46.585598934 -31.8141709945
-1.01453049753 21.848773864
99.5169170615 -91.8048737564
-53.9330987778 -81.5253708687
-95.2511084685 0.140959570161
20.2214912864 -61.9677884868
-4.4125377107 -51.0735012001
-12.3211919878 -18.045880082

15 126.228641198
-44.0122386695 19.7565648803
17.7688126041 -6.0303969217
-81.2753593384 71.0303045779
40.8601081861 -85.3319099164
76.3869425675 -0.989490004218
2.6169862982 -2.27787155102
-14.8957463529 -22.2119891002
-46.585598934 -31.8141709945
-1.01453049753 21.848773864
99.5169170615 -91.8048737564
-53.9330987778 -81.5253708687
-95.2511084685 0.140959570161
20.2214912864 -61.9677884868
-4.4125377107 -51.0735012001
-12.3211919878 -18.045880082

15 126.228641198
-44.0122386695 19.7565648803
17.7688126041 -6.0303969217
-81.2753593384 71.0303045779
40.8601081861 -85.3319099164
76.3869425675 -0.989490004218
2.6169862982 -2.27787155102
-14.8957463529 -22.2119891002
-46.585598934 -31.8141709945
-1.01453049753 21.848773864
99.5169170615 -91.8048737564
-53.9330987778 -81.5253708687
-95.2511084685 0.140959570161
20.2214912864 -61.9677884868
-4.4125377107 -51.0735012001
-12.3211919878 -18.045880082

15 126.228641198
-44.0122386695 19.7565648803
17.7688126041 -6.0303969217
-81.2753593384 71.0303045779
40.8601081861 -85.3319099164
76.3869425675 -0.989490004218
2.6169862982 -2.27787155102
-14.8957463529 -22.2119891002
-46.585598934 -31.8141709945
-1.01453049753 21.848773864
99.5169170615 -91.8048737564
-53.9330987778 -81.5253708687
-95.2511084685 0.140959570161
20.2214912864 -61.9677884868
-4.4125377107 -51.0735012001
-12.3211919878 -18.045880082

15 126.228641198
-44.0122386695 19.7565648803
17.7688126041 -6.0303969217
-81.2753593384 71.0303045779
40.8601081861 -85.3319099164
76.3869425675 -0.989490004218
2.6169862982 -2.27787155102
-14.8957463529 -22.2119891002
-46.585598934 -31.8141709945
-1.01453049753 21.848773864
99.5169170615 -91.8048737564
-53.9330987778 -81.5253708687
-95.2511084685 0.140959570161
20.2214912864 -61.9677884868
-4.4125377107 -51.0735012001
-12.3211919878 -18.045880082

15 126.228641198
-44.0122386695 19.7565648803
17.7688126041 -6.0303969217
-81.2753593384 71.0303045779
40.8601081861 -85.3319099164
76.3869425675 -0.989490004218
2.6169862982 -2.27787155102
-14.8957463529 -22.2119891002
-46.585598934 -31.8141709945
-1.01453049753 21.848773864
99.5169170615 -91.8048737564
-53.9330987778 -81.5253708687
-95.2511084685 0.140959570161
20.2214912864 -61.9677884868
-4.4125377107 -51.0735012001
-12.3211919878 -18.045880082

15 126.228641198
-44.0122386695 19.7565648803
17.7688126041 -6.0303969217
-81.2753593384 71.0303045779
40.8601081861 -85.3319099164
76.3869425675 -0.989490004218
2.6169862982 -2.27787155102
-14.8957463529 -22.2119891002
-46.585598934 -31.8141709945
-1.01453049753 21.848773864
99.5169170615 -91.8048737564
-53.9330987778 -81.5253708687
-95.2511084685 0.140959570161
20.2214912864 -61.9677884868
-4.4125377107 -51.0735012001
-12.3211919878 -18.045880082

15 126.228641198
-44.0122386695 19.7565648803
17.7688126041 -6.0303969217
-81.2753593384 71.0303045779
40.8601081861 -85.3319099164
76.3869425675 -0.989490004218
2.6169862982 -2.27787155102
-14.8957463529 -22.2119891002
-46.585598934 -31.8141709945
-1.01453049753 21.848773864
99.5169170615 -91.8048737564
-53.9330987778 -81.5253708687
-95.2511084685 0.140959570161
20.2214912864 -61.9677884868
-4.4125377107 -51.0735012001
-12.3211919878 -18.045880082

15 126.228641198
-44.0122386695 19.7565648803
17.7688126041 -6.0303969217
-81.2753593384 71.0303045779
40.8601081861 -85.3319099164
76.3869425675 -0.989490004218
2.6169862982 -2.27787155102
-14.8957463529 -22.2119891002
-46.585598934 -31.8141709945
-1.01453049753 21.848773864
99.5169170615 -91.8048737564
-53.9330987778 -81.5253708687
-95.2511084685 0.140959570161
20.2214912864 -61.9677884868
-4.4125377107 -51.0735012001
-12.3211919878 -18.045880082

15 126.228641198
-44.0122386695 19.7565648803
17.7688126041 -6.0303969217
-81.2753593384 71.0303045779
40.8601081861 -85.3319099164
76.3869425675 -0.989490004218
2.6169862982 -2.27787155102
-14.8957463529 -22.2119891002
-46.585598934 -31.8141709945
-1.01453049753 21.848773864
99.5169170615 -91.8048737564
-53.9330987778 -81.5253708687
-95.2511084685 0.140959570161
20.2214912864 -61.9677884868
-4.4125377107 -51.0735012001
-12.3211919878 -18.045880082

15 126.228641198
-44.0122386695 19.7565648803
17.7688126041 -6.0303969217
-81.2753593384 71.0303045779
40.8601081861 -85.3319099164
76.3869425675 -0.989490004218
2.6169862982 -2.27787155102
-14.8957463529 -22.2119891002
-46.585598934 -31.8141709945
-1.01453049753 21.848773864
99.5169170615 -91.8048737564
-53.9330987778 -81.5253708687
-95.2511084685 0.140959570161
20.2214912864 -61.9677884868
-4.4125377107 -51.0735012001
-12.3211919878 -18.045880082

15 126.228641198
-44.0122386695 19.7565648803
17.7688126041 -6.0303969217
-81.2753593384 71.0303045779
40.8601081861 -85.3319099164
76.3869425675 -0.989490004218
2.6169862982 -2.27787155102
-14.8957463529 -22.2119891002
-46.585598934 -31.8141709945
-1.01453049753 21.848773864
99.5169170615 -91.8048737564
-53.9330987778 -81.5253708687
-95.2511084685 0.140959570161
20.2214912864 -61.9677884868
-4.4125377107 -51.0735012001
-12.3211919878 -18.045880082

15 126.228641198
-44.0122386695 19.7565648803
17.7688126041 -6.0303969217
-81.2753593384 71.0303045779
40.8601081861 -85.3319099164
76.3869425675 -0.989490004218
2.6169862982 -2.27787155102
-14.8957463529 -22.2119891002
-46.585598934 -31.8141709945
-1.01453049753 21.848773864
99.5169170615 -91.8048737564
-53.9330987778 -81.5253708687
-95.2511084685 0.140959570161
20.2214912864 -61.9677884868
-4.4125377107 -51.0735012001
-12.3211919878 -18.045880082

15 126.228641198
-44.0122386695 19.7565648803
17.7688126041 -6.0303969217
-81.2753593384 71.0303045779
40.8601081861 -85.3319099164
76.3869425675 -0.989490004218
2.6169862982 -2.27787155102
-14.8957463529 -22.2119891002
-46.585598934 -31.8141709945
-1.01453049753 21.848773864
99.5169170615 -91.8048737564
-53.9330987778 -81.5253708687
-95.2511084685 0.140959570161
20.2214912864 -61.9677884868
-4.4125377107 -51.0735012001
-12.3211919878 -18.045880082

15 126.228641198
-44.0122386695 19.7565648803
17.7688126041 -6.0303969217
-81.2753593384 71.0303045779
40.8601081861 -85.3319099164
76.3869425675 -0.989490004218
2.6169862982 -2.27787155102
-14.8957463529 -22.2119891002
-46.585598934 -31.8141709945
-1.01453049753 21.848773864
99.5169170615 -91.8048737564
-53.9330987778 -81.5253708687
-95.2511084685 0.140959570161
20.2214912864 -61.9677884868
-4.4125377107 -51.0735012001
-12.3211919878 -18.045880082

15 126.228641198
-44.0122386695 19.7565648803
17.7688126041 -6.0303969217
-81.2753593384 71.0303045779
40.8601081861 -85.3319099164
76.3869425675 -0.989490004218
2.6169862982 -2.27787155102
-14.8957463529 -22.2119891002
-46.585598934 -31.8141709945
-1.01453049753 21.848773864
99.5169170615 -91.8048737564
-53.9330987778 -81.5253708687
-95.2511084685 0.140959570161
20.2214912864 -61.9677884868
-4.4125377107 -51.0735012001
-12.3211919878 -18.045880082

15 126.228641198
-44.0122386695 19.7565648803
17.7688126041 -6.0303969217
-81.2753593384 71.0303045779
40.8601081861 -85.3319099164
76.3869425675 -0.989490004218
2.6169862982 -2.27787155102
-14.8957463529 -22.2119891002
-46.585598934 -31.8141709945
-1.01453049753 21.848773864
99.5169170615 -91.8048737564
-53.9330987778 -81.5253708687
-95.2511084685 0.140959570161
20.2214912864 -61.9677884868
-4.4125377107 -51.0735012001
-12.3211919878 -18.045880082

15 126.228641198
-44.0122386695 19.7565648803
17.7688126041 -6.0303969217
-81.2753593384 71.0303045779
40.8601081861 -85.3319099164
76.3869425675 -0.989490004218
2.6169862982 -2.27787155102
-14.8957463529 -22.2119891002
-46.585598934 -31.8141709945
-1.01453049753 21.848773864
99.5169170615 -91.8048737564
-53.9330987778 -81.5253708687
-95.2511084685 0.140959570161
20.2214912864 -61.9677884868
-4.4125377107 -51.0735012001
-12.3211919878 -18.045880082

15 126.228641198
-44.0122386695 19.7565648803
17.7688126041 -6.0303969217
-81.2753593384 71.0303045779
40.8601081861 -85.3319099164
76.3869425675 -0.989490004218
2.6169862982 -2.27787155102
-14.8957463529 -22.2119891002
-46.585598934 -31.8141709945
-1.01453049753 21.848773864
99.5169170615 -91.8048737564
-53.9330987778 -81.5253708687
-95.2511084685 0.140959570161
20.2214912864 -61.9677884868
-4.4125377107 -51.0735012001
-12.3211919878 -18.045880082

15 126.228641198
-44.0122386695 19.7565648803
17.7688126041 -6.0303969217
-81.2753593384 71.0303045779
40.8601081861 -85.3319099164
76.3869425675 -0.989490004218
2.6169862982 -2.27787155102
-14.8957463529 -22.2119891002
-46.585598934 -31.8141709945
-1.01453049753 21.848773864
99.5169170615 -91.8048737564
-53.9330987778 -81.5253708687
-95.2511084685 0.140959570161
20.2214912864 -61.9677884868
-4.4125377107 -51.0735012001
-12.3211919878 -18.045880082

15 126.228641198
-44.0122386695 19.7565648803
17.7688126041 -6.0303969217
-81.2753593384 71.0303045779
40.8601081861 -85.3319099164
76.3869425675 -0.989490004218
2.6169862982 -2.27787155102
-14.8957463529 -22.2119891002
-46.585598934 -31.8141709945
-1.01453049753 21.848773864
99.5169170615 -91.8048737564
-53.9330987778 -81.5253708687
-95.2511084685 0.140959570161
20.2214912864 -61.9677884868
-4.4125377107 -51.0735012001
-12.3211919878 -18.045880082

15 126.228641198
-44.0122386695 19.7565648803
17.7688126041 -6.0303969217
-81.2753593384 71.0303045779
40.8601081861 -85.3319099164
76.3869425675 -0.989490004218
2.6169862982 -2.27787155102
-14.8957463529 -22.2119891002
-46.585598934 -31.8141709945
-1.01453049753 21.848773864
99.5169170615 -91.8048737564
-53.9330987778 -81.5253708687
-95.2511084685 0.140959570161
20.2214912864 -61.9677884868
-4.4125377107 -51.0735012001
-12.3211919878 -18.045880082

15 126.228641198
-44.0122386695 19.7565648803
17.7688126041 -6.0303969217
-81.2753593384 71.0303045779
40.8601081861 -85.3319099164
76.3869425675 -0.989490004218
2.6169862982 -2.27787155102
-14.8957463529 -22.2119891002
-46.585598934 -31.8141709945
-1.01453049753 21.848773864
99.5169170615 -91.8048737564
-53.9330987778 -81.5253708687
-95.2511084685 0.140959570161
20.2214912864 -61.9677884868
-4.4125377107 -51.0735012001
-12.3211919878 -18.045880082
