40

9 12.6466664842
-85.7745355287 -51.0454579582
-49.044561933 99.477523614
-90.7366314273 86.409529872
-98.746068082 27.7780511325
36.8050469807 -40.7358278311
-20.1556138603 71.4994159264
30.5118144581 -21.8359346444
-19.9919034347 55.7496628413
46.9316037984 -14.8943101944

9 12.6466664842
-85.7745355287 -51.0454579582
-49.044561933 99.477523614
-90.7366314273 86.409529872
-98.746068082 27.7780511325
36.8050469807 -40.7358278311
-20.1556138603 71.4994159264
30.5118144581 -21.8359346444
-19.9919034347 55.7496628413
46.9316037984 -14.8943101944

9 12.6466664842
-85.7745355287 -51.0454579582
-49.044561933 99.477523614
-90.7366314273 86.409529872
-98.746068082 27.7780511325
36.8050469807 -40.7358278311
-20.1556138603 71.4994159264
30.5118144581 -21.8359346444
-19.9919034347 55.7496628413
46.9316037984 -14.8943101944

9 12.6466664842
-85.7745355287 -51.0454579582
-49.044561933 99.477523614
-90.7366314273 86.409529872
-98.746068082 27.7780511325
36.8050469807 -40.7358278311
-20.1556138603 71.4994159264
30.5118144581 -21.8359346444
-19.9919034347 55.7496628413
46.9316037984 -14.8943101944

9 12.6466664842
-85.7745355287 -51.0454579582
-49.044561933 99.477523614
-90.7366314273 86.409529872
-98.746068082 27.7780511325
36.8050469807 -40.7358278311
-20.1556138603 71.4994159264
30.5118144581 -21.8359346444
-19.9919034347 55.7496628413
46.9316037984 -14.8943101944

9 12.6466664842
-85.7745355287 -51.0454579582
-49.044561933 99.477523614
-90.7366314273 86.409529872
-98.746068082 27.7780511325
36.8050469807 -40.7358278311
-20.1556138603 71.4994159264
30.5118144581 -21.8359346444
-19.9919034347 55.7496628413
46.9316037984 -14.8943101944

9 12.6466664842
-85.7745355287 -51.0454579582
-49.044561933 99.477523614
-90.7366314273 86.409529872
-98.746068082 27.7780511325
36.8050469807 -40.7358278311
-20.1556138603 71.4994159264
30.5118144581 -21.8359346444
-19.9919034347 55.7496628413
46.9316037984 -14.8943101944

9 12.6466664842
-85.7745355287 -51.0454579582
-49.044561933 99.477523614
-90.7366314273 86.409529872
-98.746068082 27.7780511325
36.8050469807 -40.7358278311
-20.1556138603 71.4994159264
30.5118144581 -21.8359346444
-19.9919034347 55.7496628413
46.9316037984 -14.8943101944

9 12.6466664842
-85.7745355287 -51.0454579582
-49.044561933 99.477523614
-90.7366314273 86.409529872
-98.746068082 27.7780511325
36.8050469807 -40.7358278311
-20.1556138603 71.4994159264
30.5118144581 -21.8359346444
-19.9919034347 55.7496628413
46.9316037984 -14.8943101944

9 12.6466664842
-85.7745355287 -51.0454579582
-49.044561933 99.477523614
-90.7366314273 86.409529872
-98.746068082 27.7780511325
36.8050469807 -40.7358278311
-20.1556138603 71.4994159264
30.5118144581 -21.8359346444
-19.9919034347 55.7496628413
46.9316037984 -14.8943101944

9 12.6466664842
-85.7745355287 -51.0454579582
-49.044561933 99.477523614
-90.7366314273 86.409529872
-98.746068082 27.7780511325
36.8050469807 -40.7358278311
-20.1556138603 71.4994159264
30.5118144581 -21.8359346444
-19.9919034347 55.7496628413
46.9316037984 -14.8943101944

9 12.6466664842
-85.7745355287 -51.0454579582
-49.044561933 99.477523614
-90.7366314273 86.409529872
-98.746068082 27.7780511325
36.8050469807 -40.7358278311
-20.1556138603 71.4994159264
30.5118144581 -21.8359346444
-19.9919034347 55.7496628413
46.9316037984 -14.8943101944

9 12.6466664842
-85.7745355287 -51.0454579582
-49.044561933 99.477523614
-90.7366314273 86.409529872
-98.746068082 27.7780511325
36.8050469807 -40.7358278311
-20.1556138603 71.4994159264
30.5118144581 -21.8359346444
-19.9919034347 55.7496628413
46.9316037984 -14.8943101944

9 12.6466664842
-85.7745355287 -51.0454579582
-49.044561933 99.477523614
-90.7366314273 86.409529872
-98.746068082 27.7780511325
36.8050469807 -40.7358278311
-20.1556138603 71.4994159264
30.5118144581 -21.8359346444
-19.9919034347 55.7496628413
46.9316037984 -14.8943101944

9 12.6466664842
-85.7745355287 -51.0454579582
-49.044561933 99.477523614
-90.7366314273 86.409529872
-98.746068082 27.7780511325
36.8050469807 -40.7358278311
-20.1556138603 71.4994159264
30.5118144581 -21.8359346444
-19.9919034347 55.7496628413
46.9316037984 -14.8943101944

9 12.6466664842
-85.7745355287 -51.0454579582
-49.044561933 99.477523614
-90.7366314273 86.409529872
-98.746068082 27.7780511325
36.8050469807 -40.7358278311
-20.1556138603 71.4994159264
30.5118144581 -21.8359346444
-19.9919034347 55.7496628413
46.9316037984 -14.8943101944

9 12.6466664842
-85.7745355287 -51.0454579582
-49.044561933 99.477523614
-90.7366314273 86.409529872
-98.746068082 27.7780511325
36.8050469807 -40.7358278311
-20.1556138603 71.4994159264
30.5118144581 -21.8359346444
-19.9919034347 55.7496628413
46.9316037984 -14.8943101944

9 12.6466664842
-85.7745355287 -51.0454579582
-49.044561933 99.477523614
-90.7366314273 86.409529872
-98.746068082 27.7780511325
36.8050469807 -40.7358278311
-20.1556138603 71.4994159264
30.5118144581 -21.8359346444
-19.9919034347 55.7496628413
46.9316037984 -14.8943101944

9 12.6466664842
-85.7745355287 -51.0454579582
-49.044561933 99.477523614
-90.7366314273 86.409529872
-98.746068082 27.7780511325
36.8050469807 -40.7358278311
-20.1556138603 71.4994159264
30.5118144581 -21.8359346444
-19.9919034347 55.7496628413
46.9316037984 -14.8943101944

9 12.6466664842
-85.7745355287 -51.0454579582
-49.044561933 99.477523614
-90.7366314273 86.409529872
-98.746068082 27.7780511325
36.8050469807 -40.7358278311
-20.1556138603 71.4994159264
30.5118144581 -21.8359346444
-19.9919034347 55.7496628413
46.9316037984 -14.8943101944

9 12.6466664842
-85.7745355287 -51.0454579582
-49.044561933 99.477523614
-90.7366314273 86.409529872
-98.746068082 27.7780511325
36.8050469807 -40.7358278311
-20.1556138603 71.4994159264
30.5118144581 -21.8359346444
-19.9919034347 55.7496628413
46.9316037984 -14.8943101944

9 12.6466664842
-85.7745355287 -51.0454579582
-49.044561933 99.477523614
-90.7366314273 86.409529872
-98.746068082 27.7780511325
36.8050469807 -40.7358278311
-20.1556138603 71.4994159264
30.5118144581 -21.8359346444
-19.9919034347 55.7496628413
46.9316037984 -14.8943101944

9 12.6466664842
-85.7745355287 -51.0454579582
-49.044561933 99.477523614
-90.7366314273 86.409529872
-98.746068082 27.7780511325
36.8050469807 -40.7358278311
-20.1556138603 71.4994159264
30.5118144581 -21.8359346444
-19.9919034347 55.7496628413
46.9316037984 -14.8943101944

9 12.6466664842
-85.7745355287 -51.0454579582
-49.044561933 99.477523614
-90.7366314273 86.409529872
-98.746068082 27.7780511325
36.8050469807 -40.7358278311
-20.1556138603 71.4994159264
30.5118144581 -21.8359346444
-19.9919034347 55.7496628413
46.9316037984 -14.8943101944

9 12.6466664842
-85.7745355287 -51.0454579582
-49.044561933 99.477523614
-90.7366314273 86.409529872
-98.746068082 27.7780511325
36.8050469807 -40.7358278311
-20.1556138603 71.4994159264
30.5118144581 -21.8359346444
-19.9919034347 55.7496628413
46.9316037984 -14.8943101944

9 12.6466664842
-85.7745355287 -51.0454579582
-49.044561933 99.477523614
-90.7366314273 86.409529872
-98.746068082 27.7780511325
36.8050469807 -40.7358278311
-20.1556138603 71.4994159264
30.5118144581 -21.8359346444
-19.9919034347 55.7496628413
46.9316037984 -14.8943101944

9 12.6466664842
-85.7745355287 -51.0454579582
-49.044561933 99.477523614
-90.7366314273 86.409529872
-98.746068082 27.7780511325
36.8050469807 -40.7358278311
-20.1556138603 71.4994159264
30.5118144581 -21.8359346444
-19.9919034347 55.7496628413
46.9316037984 -14.8943101944

9 12.6466664842
-85.7745355287 -51.0454579582
-49.044561933 99.477523614
-90.7366314273 86.409529872
-98.746068082 27.7780511325
36.8050469807 -40.7358278311
-20.1556138603 71.4994159264
30.5118144581 -21.8359346444
-19.9919034347 55.7496628413
46.9316037984 -14.8943101944

9 12.6466664842
-85.7745355287 -51.0454579582
-49.044561933 99.477523614
-90.7366314273 86.409529872
-98.746068082 27.7780511325
36.8050469807 -40.7358278311
-20.1556138603 71.4994159264
30.5118144581 -21.8359346444
-19.9919034347 55.7496628413
46.9316037984 -14.8943101944

9 12.6466664842
-85.7745355287 -51.0454579582
-49.044561933 99.477523614
-90.7366314273 86.409529872
-98.746068082 27.7780511325
36.8050469807 -40.7358278311
-20.1556138603 71.4994159264
30.5118144581 -21.8359346444
-19.9919034347 55.7496628413
46.9316037984 -14.8943101944

9 12.6466664842
-85.7745355287 -51.0454579582
-49.044561933 99.477523614
-90.7366314273 86.409529872
-98.746068082 27.7780511325
36.8050469807 -40.7358278311
-20.1556138603 71.4994159264
30.5118144581 -21.8359346444
-19.9919034347 55.7496628413
46.9316037984 -14.8943101944

9 12.6466664842
-85.7745355287 -51.0454579582
-49.044561933 99.477523614
-90.7366314273 86.409529872
-98.746068082 27.7780511325
36.8050469807 -40.7358278311
-20.1556138603 71.4994159264
30.5118144581 -21.8359346444
-19.9919034347 55.7496628413
46.9316037984 -14.8943101944

9 12.6466664842
-85.7745355287 -51.0454579582
-49.044561933 99.477523614
-90.7366314273 86.409529872
-98.746068082 27.7780511325
36.8050469807 -40.7358278311
-20.1556138603 71.4994159264
30.5118144581 -21.8359346444
-19.9919034347 55.7496628413
46.9316037984 -14.8943101944

9 12.6466664842
-85.7745355287 -51.0454579582
-49.044561933 99.477523614
-90.7366314273 86.409529872
-98.746068082 27.7780511325
36.8050469807 -40.7358278311
-20.1556138603 71.4994159264
30.5118144581 -21.8359346444
-19.9919034347 55.7496628413
46.9316037984 -14.8943101944

9 12.6466664842
-85.7745355287 -51.0454579582
-49.044561933 99.477523614
-90.7366314273 86.409529872
-98.746068082 27.7780511325
36.8050469807 -40.7358278311
-20.1556138603 71.4994159264
30.5118144581 -21.8359346444
-19.9919034347 55.7496628413
46.9316037984 -14.8943101944

9 12.6466664842
-85.7745355287 -51.0454579582
-49.044561933 99.477523614
-90.7366314273 86.409529872
-98.746068082 27.7780511325
36.8050469807 -40.7358278311
-20.1556138603 71.4994159264
30.5118144581 -21.8359346444
-19.9919034347 55.7496628413
46.9316037984 -14.8943101944

9 12.6466664842
-85.7745355287 -51.0454579582
-49.044561933 99.477523614
-90.7366314273 86.409529872
-98.746068082 27.7780511325
36.8050469807 -40.7358278311
-20.1556138603 71.4994159264
30.5118144581 -21.8359346444
-19.9919034347 55.7496628413
46.9316037984 -14.8943101944

9 12.6466664842
-85.7745355287 -51.0454579582
-49.044561933 99.477523614
-90.7366314273 86.409529872
-98.746068082 27.7780511325
36.8050469807 -40.7358278311
-20.1556138603 71.4994159264
30.5118144581 -21.8359346444
-19.9919034347 55.7496628413
46.9316037984 -14.8943101944

9 12.6466664842
-85.7745355287 -51.0454579582
-49.044561933 99.477523614
-90.7366314273 86.409529872
-98.746068082 27.7780511325
36.8050469807 -40.7358278311
-20.1556138603 71.4994159264
30.5118144581 -21.8359346444
-19.9919034347 55.7496628413
46.9316037984 -14.8943101944

9 12.6466664842
-85.7745355287 -51.0454579582
-49.044561933 99.477523614
-90.7366314273 86.409529872
-98.746068082 27.7780511325
36.8050469807 -40.7358278311
-20.1556138603 71.4994159264
30.5118144581 -21.8359346444
-19.9919034347 55.7496628413
46.9316037984 -14.8943101944
