40

7 9.81282733232
-39.7323526082 -81.7958907508
-29.5289874862 77.8437111663
99.068660963 -74.0260469482
56.3122314589 -54.6162206781
-41.0326743174 -13.1798241725
-60.2543003032 52.6417614528
-71.0848539768 -70.3062347407

7 9.81282733232
-39.7323526082 -81.7958907508
-29.5289874862 77.8437111663
99.068660963 -74.0260469482
56.3122314589 -54.6162206781
-41.0326743174 -13.1798241725
-60.2543003032 52.6417614528
-71.0848539768 -70.3062347407

7 9.81282733232
-39.7323526082 -81.7958907508
-29.5289874862 77.8437111663
99.068660963 -74.0260469482
56.3122314589 -54.6162206781
-41.0326743174 -13.1798241725
-60.2543003032 52.6417614528
-71.0848539768 -70.3062347407

7 9.81282733232
-39.7323526082 -81.7958907508
-29.5289874862 77.8437111663
99.068660963 -74.0260469482
56.3122314589 -54.6162206781
-41.0326743174 -13.1798241725
-60.2543003032 52.6417614528
-71.0848539768 -70.3062347407

7 9.81282733232
-39.7323526082 -81.7958907508
-29.5289874862 77.8437111663
99.068660963 -74.0260469482
56.3122314589 -54.6162206781
-41.0326743174 -13.1798241725
-60.2543003032 52.6417614528
-71.0848539768 -70.3062347407

7 9.81282733232
-39.7323526082 -81.7958907508
-29.5289874862 77.8437111663
99.068660963 -74.0260469482
56.3122314589 -54.6162206781
-41.0326743174 -13.1798241725
-60.2543003032 52.6417614528
-71.0848539768 -70.3062347407

7 9.81282733232
-39.7323526082 -81.7958907508
-29.5289874862 77.8437111663
99.068660963 -74.0260469482
56.3122314589 -54.6162206781
-41.0326743174 -13.1798241725
-60.2543003032 52.6417614528
-71.0848539768 -70.3062347407

7 9.81282733232
-39.7323526082 -81.7958907508
-29.5289874862 77.8437111663
99.068660963 -74.0260469482
56.3122314589 -54.6162206781
-41.0326743174 -13.1798241725
-60.2543003032 52.6417614528
-71.0848539768 -70.3062347407

7 9.81282733232
-39.7323526082 -81.7958907508
-29.5289874862 77.8437111663
99.068660963 -74.0260469482
56.3122314589 -54.6162206781
-41.0326743174 -13.1798241725
-60.2543003032 52.6417614528
-71.0848539768 -70.3062347407

7 9.81282733232
-39.7323526082 -81.7958907508
-29.5289874862 77.8437111663
99.068660963 -74.0260469482
56.3122314589 -54.6162206781
-41.0326743174 -13.1798241725
-60.2543003032 52.6417614528
-71.0848539768 -70.3062347407

7 9.81282733232
-39.7323526082 -81.7958907508
-29.5289874862 77.8437111663
99.068660963 -74.0260469482
56.3122314589 -54.6162206781
-41.0326743174 -13.1798241725
-60.2543003032 52.6417614528
-71.0848539768 -70.3062347407

7 9.81282733232
-39.7323526082 -81.7958907508
-29.5289874862 77.8437111663
99.068660963 -74.0260469482
56.3122314589 -54.6162206781
-41.0326743174 -13.1798241725
-60.2543003032 52.6417614528
-71.0848539768 -70.3062347407

7 9.81282733232
-39.7323526082 -81.7958907508
-29.5289874862 77.8437111663
99.068660963 -74.0260469482
56.3122314589 -54.6162206781
-41.0326743174 -13.1798241725
-60.2543003032 52.6417614528
-71.0848539768 -70.3062347407

7 9.81282733232
-39.7323526082 -81.7958907508
-29.5289874862 77.8437111663
99.068660963 -74.0260469482
56.3122314589 -54.6162206781
-41.0326743174 -13.1798241725
-60.2543003032 52.6417614528
-71.0848539768 -70.3062347407

7 9.81282733232
-39.7323526082 -81.7958907508
-29.5289874862 77.8437111663
99.068660963 -74.0260469482
56.3122314589 -54.6162206781
-41.0326743174 -13.1798241725
-60.2543003032 52.6417614528
-71.0848539768 -70.3062347407

7 9.81282733232
-39.7323526082 -81.7958907508
-29.5289874862 77.8437111663
99.068660963 -74.0260469482
56.3122314589 -54.6162206781
-41.0326743174 -13.1798241725
-60.2543003032 52.6417614528
-71.0848539768 -70.3062347407

7 9.81282733232
-39.7323526082 -81.7958907508
-29.5289874862 77.8437111663
99.068660963 -74.0260469482
56.3122314589 -54.6162206781
-41.0326743174 -13.1798241725
-60.2543003032 52.6417614528
-71.0848539768 -70.3062347407

7 9.81282733232
-39.7323526082 -81.7958907508
-29.5289874862 77.8437111663
99.068660963 -74.0260469482
56.3122314589 -54.6162206781
-41.0326743174 -13.1798241725
-60.2543003032 52.6417614528
-71.0848539768 -70.3062347407

7 9.81282733232
-39.7323526082 -81.7958907508
-29.5289874862 77.8437111663
99.068660963 -74.0260469482
56.3122314589 -54.6162206781
-41.0326743174 -13.1798241725
-60.2543003032 52.6417614528
-71.0848539768 -70.3062347407

7 9.81282733232
-39.7323526082 -81.7958907508
-29.5289874862 77.8437111663
99.068660963 -74.0260469482
56.3122314589 -54.6162206781
-41.0326743174 -13.1798241725
-60.2543003032 52.6417614528
-71.0848539768 -70.3062347407

7 9.81282733232
-39.7323526082 -81.7958907508
-29.5289874862 77.8437111663
99.068660963 -74.0260469482
56.3122314589 -54.6162206781
-41.0326743174 -13.1798241725
-60.2543003032 52.6417614528
-71.0848539768 -70.3062347407

7 9.81282733232
-39.7323526082 -81.7958907508
-29.5289874862 77.8437111663
99.068660963 -74.0260469482
56.3122314589 -54.6162206781
-41.0326743174 -13.1798241725
-60.2543003032 52.6417614528
-71.0848539768 -70.3062347407

7 9.81282733232
-39.7323526082 -81.7958907508
-29.5289874862 77.8437111663
99.068660963 -74.0260469482
56.3122314589 -54.6162206781
-41.0326743174 -13.1798241725
-60.2543003032 52.6417614528
-71.0848539768 -70.3062347407

7 9.81282733232
-39.7323526082 -81.7958907508
-29.5289874862 77.8437111663
99.068660963 -74.0260469482
56.3122314589 -54.6162206781
-41.0326743174 -13.1798241725
-60.2543003032 52.6417614528
-71.0848539768 -70.3062347407

7 9.81282733232
-39.7323526082 -81.7958907508
-29.5289874862 77.8437111663
99.068660963 -74.0260469482
56.3122314589 -54.6162206781
-41.0326743174 -13.1798241725
-60.2543003032 52.6417614528
-71.0848539768 -70.3062347407

7 9.81282733232
-39.7323526082 -81.7958907508
-29.5289874862 77.8437111663
99.068660963 -74.0260469482
56.3122314589 -54.6162206781
-41.0326743174 -13.1798241725
-60.2543003032 52.6417614528
-71.0848539768 -70.3062347407

7 9.81282733232
-39.7323526082 -81.7958907508
-29.5289874862 77.8437111663
99.068660963 -74.0260469482
56.3122314589 -54.6162206781
-41.0326743174 -13.1798241725
-60.2543003032 52.6417614528
-71.0848539768 -70.3062347407

7 9.81282733232
-39.7323526082 -81.7958907508
-29.5289874862 77.8437111663
99.068660963 -74.0260469482
56.3122314589 -54.6162206781
-41.0326743174 -13.1798241725
-60.2543003032 52.6417614528
-71.0848539768 -70.3062347407

7 9.81282733232
-39.7323526082 -81.7958907508
-29.5289874862 77.8437111663
99.068660963 -74.0260469482
56.3122314589 -54.6162206781
-41.0326743174 -13.1798241725
-60.2543003032 52.6417614528
-71.0848539768 -70.3062347407

7 9.81282733232
-39.7323526082 -81.7958907508
-29.5289874862 77.8437111663
99.068660963 -74.0260469482
56.3122314589 -54.6162206781
-41.0326743174 -13.1798241725
-60.2543003032 52.6417614528
-71.0848539768 -70.3062347407

7 9.81282733232
-39.7323526082 -81.7958907508
-29.5289874862 77.8437111663
99.068660963 -74.0260469482
56.3122314589 -54.6162206781
-41.0326743174 -13.1798241725
-60.2543003032 52.6417614528
-71.0848539768 -70.3062347407

7 9.81282733232
-39.7323526082 -81.7958907508
-29.5289874862 77.8437111663
99.068660963 -74.0260469482
56.3122314589 -54.6162206781
-41.0326743174 -13.1798241725
-60.2543003032 52.6417614528
-71.0848539768 -70.3062347407

7 9.81282733232
-39.7323526082 -81.7958907508
-29.5289874862 77.8437111663
99.068660963 -74.0260469482
56.3122314589 -54.6162206781
-41.0326743174 -13.1798241725
-60.2543003032 52.6417614528
-71.0848539768 -70.3062347407

7 9.81282733232
-39.7323526082 -81.7958907508
-29.5289874862 77.8437111663
99.068660963 -74.0260469482
56.3122314589 -54.6162206781
-41.0326743174 -13.1798241725
-60.2543003032 52.6417614528
-71.0848539768 -70.3062347407

7 9.81282733232
-39.7323526082 -81.7958907508
-29.5289874862 77.8437111663
99.068660963 -74.0260469482
56.3122314589 -54.6162206781
-41.0326743174 -13.1798241725
-60.2543003032 52.6417614528
-71.0848539768 -70.3062347407

7 9.81282733232
-39.7323526082 -81.7958907508
-29.5289874862 77.8437111663
99.068660963 -74.0260469482
56.3122314589 -54.6162206781
-41.0326743174 -13.1798241725
-60.2543003032 52.6417614528
-71.0848539768 -70.3062347407

7 9.81282733232
-39.7323526082 -81.7958907508
-29.5289874862 77.8437111663
99.068660963 -74.0260469482
56.3122314589 -54.6162206781
-41.0326743174 -13.1798241725
-60.2543003032 52.6417614528
-71.0848539768 -70.3062347407

7 9.81282733232
-39.7323526082 -81.7958907508
-29.5289874862 77.8437111663
99.068660963 -74.0260469482
56.3122314589 -54.6162206781
-41.0326743174 -13.1798241725
-60.2543003032 52.6417614528
-71.0848539768 -70.3062347407

7 9.81282733232
-39.7323526082 -81.7958907508
-29.5289874862 77.8437111663
99.068660963 -74.0260469482
56.3122314589 -54.6162206781
-41.0326743174 -13.1798241725
-60.2543003032 52.6417614528
-71.0848539768 -70.3062347407

7 9.81282733232
-39.7323526082 -81.7958907508
-29.5289874862 77.8437111663
99.068660963 -74.0260469482
56.3122314589 -54.6162206781
-41.0326743174 -13.1798241725
-60.2543003032 52.6417614528
-71.0848539768 -70.3062347407
