97
73 84
21 27
58 6
7 93
19 70
76 74
49 22
1 12
31 53
36 5
41 71
26 65
86 10
42 26
5 54
89 90
16 77
35 61
5 73
42 93
66 24
45 70
81 66
18 97
2 63
34 5
69 42
3 11
88 54
59 97
86 93
21 100
12 54
78 55
47 17
40 72
41 64
29 36
32 21
35 46
2 85
26 20
30 22
27 81
29 18
10 38
37 14
19 30
37 100
16 97
68 83
99 55
42 8
80 27
25 74
10 66
86 26
100 88
68 67
84 26
63 96
61 45
27 51
51 80
76 15
49 66
73 95
54 47
74 14
39 33
98 50
75 49
88 35
2 74
52 55
2 37
34 14
17 14
93 12
26 67
84 20
66 74
21 8
74 19
51 46
95 64
64 1
35 21
47 51
5 88
25 98
63 58
72 10
21 79
97 16
36 46
19 33
