85
23 74
62 14
39 95
27 17
75 23
52 28
76 28
43 67
88 67
82 78
69 67
83 51
57 97
83 67
13 35
8 19
32 87
33 69
37 23
45 11
38 11
90 96
14 13
79 33
10 2
20 13
15 30
78 54
20 24
58 12
31 84
70 17
38 62
36 54
65 74
85 80
27 54
67 26
58 41
94 97
61 19
100 65
18 28
51 77
89 37
73 60
76 71
84 94
48 65
39 20
51 12
65 75
100 30
22 83
32 10
80 15
31 44
71 80
8 48
36 73
32 48
70 8
2 60
24 54
73 49
12 14
40 75
4 28
63 92
53 25
91 46
89 32
63 21
68 60
32 23
22 56
63 16
75 92
45 16
64 50
16 69
43 27
7 55
46 47
23 69
