91359883
141649943
32311816
30340368
37402435
62991789
107576468
106159275
78696651
20019138
123306762
182942398
4238140
68775963
50977840
124916415
108676370
61389013
173997622
46754750
33648699
92063440
62756195
26572228
154074096
15350169
97718040
182451665
99151132
79096143
160134672
61954705
87238522
91018081
59609911
71853761
75143907
159209804
158762776
51429537
104291608
55148157
135542546
17968933
36371251
104535382
25168182
62237146
23279208
56443239
35308207
88603703
57004001
110148428
63118887
72476951
121005198
50036742
155503877
166045546
17299403
158885012
112041173
118390733
39704289
