105833439
84237031
79163049
31998355
53945534
45864062
9592225
65984010
105085240
61627715
97756835
75628083
28879335
20271744
35522989
134527467
136473843
18927449
186240261
68637647
80861622
91944297
183427085
14063911
18621253
119170566
74726348
182103259
33105800
108730008
5685555
37158455
65646817
32148107
82418023
49248952
160404870
171062313
62008806
52971267
124542041
99715390
59801915
101460436
154007868
103865837
95605188
123188626
111284948
69356587
21786343
108837751
176819694
15507971
73247857
42509019
122676806
71894771
48581676
53472606
74517587
17186111
22901992
152075570
73301915
23455243
12768487
47854339
124133759
107401849
55113503
