101785870
71735288
81261801
110002305
70439259
119507224
5694088
96697047
59632107
60149086
135562688
52118313
61611083
40025175
6251227
39574139
85630216
80727695
169547433
43789441
158930351
57745018
71885331
54820468
43752813
187071150
21557365
32370267
76106672
863176
162196164
115618741
52575361
122052036
124423735
176758034
75705079
8587553
78127685
18418675
136056405
89567532
43243578
101166897
124810598
105879375
73919099
51165132
119001378
41332355
50352729
103434718
27967090
59675907
91180003
97725860
92810851
170070795
121350316
91701771
87391550
121105326
85126147
111124858
40619963
110709554
72053781
37585531
44359920
110997169
178880358
96406163
161760723
102801374
