74
34677006 89231130
34134413 37600874
46822401 34439399
42893441 91162753
46051121 28971284
52398360 67640758
2466320 3227767
31571307 89457721
37310064 26077675
26594654 40381044
59442222 83787106
13216445 62800623
31274788 30336294
13787536 29227317
1953876 6681052
48428534 11398461
48999334 36630881
23586631 82562946
73725698 95821734
24793017 18996423
86637180 72293170
28037288 29707729
19165449 89103499
15181173 59608594
99989638 8991865
92778970 94292179
9609153 11948211
94800857 5995414
35222731 40883940
81344 61104744
72503205 89692958
78840190 48509877
31072822 21502538
69840624 54943172
73939594 57314871
82124393 94633640
24341368 60576773
2196624 10161680
22286626 96023169
5015033 17377796
64186326 74792615
39257177 50310354
8822120 73795479
67195770 34058033
47679129 96561202
38770511 67277113
68303341 20182333
41684870 17610700
72553871 51892514
9207385 64041845
11191837 99009816
59586588 43848129
6526160 35533204
84072724 14299563
84193711 28812785
56121751 41604108
44430814 48380036
74691866 95378928
81953312 53252933
49814134 41887636
61681100 29632440
49814772 88584644
58711695 29984441
81876954 44015994
8057838 83781917
82791732 43600690
87448818 19249674
7299230 94894671
9194234 93974978
75304114 43888305
85492413 93387944
94284331 31425865
79321144 82439578
35692510 68976197
