67487867
73102239
45014064
40003092
107482887
57942806
84691127
97317746
98012155
148413407
170945799
145631777
89094936
22649134
93180518
76344369
170835545
25455011
75166019
83818724
116204423
116869868
68790035
29066908
119827273
104920811
28840288
123284162
158305014
121196834
48127103
159952690
125385495
175530326
141599362
94426323
98090825
29184913
118359020
23258962
107098813
146063884
112966033
124816758
143141692
27029791
61897973
166430997
4143154
52615611
160602606
33516133
46179423
148132825
