82
21010592 32017878
66177121 18267065
61412936 10101244
92009571 91549116
28228267 94969528
42322743 34236392
21237544 29201160
90316567 75622332
66238896 82516415
44223969 61200832
11534117 81331705
5820449 37663819
40194989 58069790
37765397 46779935
90940231 92388013
24405890 92416579
63199995 11950822
74568417 43099363
34648478 24612930
72098810 19094339
53330730 15393096
44594255 66937904
42560236 27084625
9601039 87427173
48628004 8799131
90130835 6341360
44005178 60162121
70748262 48467635
95247569 36716518
29104530 8513658
53446588 38704152
3171325 6026772
49126134 16646582
93775864 77739742
96834080 36290963
4200410 65874673
32812576 2681162
29765786 48794665
36221837 27889163
36688294 91883177
98224536 37366193
50044665 79335480
27803115 94746065
31462583 20792926
81822935 75567035
66787538 13083464
19110235 87785875
4432456 69958863
214956 20752720
9560034 50724671
16599343 49565387
52246548 13760444
62555108 1928271
29817433 34528686
26411862 51293296
88659488 66505726
98357558 24636397
71898813 91220504
12013429 26160672
54244058 55877747
68961211 46352716
34138590 21031596
43506810 40587797
61340517 91087397
41812068 43721765
93287151 70900550
84660993 10927762
12856032 98050051
32578736 99732452
3542100 42673465
61695542 58990597
36143345 44717939
35938443 60053099
38730122 60558509
16436256 468223
46820938 92974180
66522127 85397466
25985262 80959527
24563276 10028936
6267052 39842130
63259032 66375343
77303104 52070554
