89
66883017 36797131
30279557 92424796
51692942 75994414
41674916 78467653
34392404 89463583
30142976 44169339
69553625 74941009
10358505 51258484
46879699 39030405
23815332 1677002
42149918 6460952
93590525 84563083
20000760 27891574
82159571 28782382
36887192 39278590
28592073 95039560
87464355 3770208
79764621 58871629
37339281 91673649
81137231 73955888
18125227 24248036
51705396 63796559
15055042 40195203
79225607 14580252
16257253 61934741
20912044 3040938
40120373 58407171
38815096 14502569
95801302 60121132
51916074 73491018
68530577 32688493
36458700 80508146
39379774 8511284
52701284 68739672
95211912 29235406
5999793 86354866
50151424 65853490
6048692 10221540
24801791 17722818
32173910 85274298
40831588 93575395
4498917 53085953
20104873 80951960
41073091 43314012
16805030 15906175
1111019 92989164
26013661 37851958
98879593 90086071
58825742 17909786
47145191 51580876
90452094 6554005
72407494 5661335
15882874 40603517
10842686 78456185
16246835 93201016
86776411 43016595
96102548 57078422
38030381 91275327
87105691 16207420
84629946 31619823
77125339 56427072
46795381 38257317
80859739 3138999
21048785 45674974
49772201 39685480
46239485 68193975
26371662 40224294
33344163 18646978
49619515 42254535
87971903 44186848
87203443 65866349
22944770 74748313
18539991 35822342
4546113 13491502
45111324 58162033
14589104 41692411
79949727 22236662
25375661 61384485
59575810 60809465
53011296 46424445
67134771 9348010
49572304 51767132
22930462 93506432
88277319 82916466
79619665 72549976
90932676 76249221
3513885 66823107
55161800 13877445
27368946 22053875
