94
33230330 67916548
97977811 1163486
61512415 131829
31215409 25962118
8054762 55340750
16924899 23932658
7322911 78563381
5811084 85228399
6213609 79365133
43667089 88487391
23554018 45714382
13195895 27114041
84662480 26630528
21228801 25356596
53120010 92829328
13262228 17476295
71156132 38866691
38998519 11240038
89718508 32668546
40525648 22730280
99179289 50289621
28853001 57450546
95195297 6502200
38383684 34664084
23151475 1408905
47123286 82050773
61681165 99221844
78368724 12835532
90708479 46343645
91689324 99597524
69590170 43828489
35211531 4951551
68707941 93262654
25931199 26726402
49456681 10942800
61232420 18973198
76423744 48635969
7654520 90085420
24749504 24135392
25544296 98554556
33121680 417330
52155525 25183933
38019465 94802844
93662840 83040600
82638124 28727943
25072783 37868516
95336418 4744645
98007298 60284314
87010715 16560710
27503509 76454849
95428046 88983747
37619715 41252280
31337700 24368141
48503532 97790587
96345142 8603555
61537236 26564179
51748112 81983173
76786016 66209112
49249712 42283928
23528222 22965208
13350075 31887835
89148831 48601005
61401670 8686492
25247202 87156129
16127329 48412384
37396130 52750710
94002990 11555374
35923515 27532196
25322782 77857041
38976947 36943398
63507577 74184275
56167447 53030534
19239645 67772040
10055967 85469815
60951374 68489356
52893542 33584188
34701544 74301448
82987939 42042373
81714853 96103213
44515596 60751492
13502202 50358533
61913906 34428077
61960273 60021543
90394935 50353772
39813522 39799406
66500033 81888233
34918766 3321098
71093137 75183831
13169997 6674762
75164118 33665455
19765994 26637722
939169 80574011
75132735 54467538
50570750 36443460
