101403180
83676999
172362009
92881408
74176689
76789633
127265870
74531505
118929217
57241034
109392842
43024216
20860441
30577959
92432357
72230721
69163576
65287005
123108271
82707751
43538828
111361550
132817411
59326014
176281151
105490471
80447981
15140903
24458078
90261012
123332499
79334159
186445037
21117558
59552835
116263283
172817062
165203156
143718570
65850764
60262379
173027235
36270696
159923889
129994932
90657467
84323005
102526361
67475291
69784866
140010211
141516216
168662983
12607033
60589690
