100015093
9078073
1316783
57177528
32552896
40857558
37680255
31632947
33243047
110775953
59267988
36728617
86815489
46585398
131960486
30039444
105975555
39257293
98891525
56284712
132649669
81602118
34397411
73047769
7732775
114232150
155475312
55283814
116286907
191286849
110937353
23243263
161970596
52657602
38662817
65624386
115744833
39006691
48884897
84643025
3028273
68968961
105128329
176703441
91010319
58627215
27367191
151467064
66459348
88561451
184411794
78871996
55705842
127688789
42587883
81111164
118856976
142095378
91533641
46493431
41810771
119241979
37129501
84048837
49031875
90146841
51443340
61086628
84199997
75920346
134090567
109197982
72033723
46945119
128060238
86477731
101810408
109151237
177818067
105267089
43781621
96341984
121981817
123993617
79612929
147779437
17478699
146276969
18130915
100774319
46403717
7622765
121576402
87014211
