83
52548894 62802034
6315812 46882548
23574064 8930769
52261494 22102182
92667057 48144269
6198786 921524
77772036 57086467
45533853 59606450
78301679 87893594
86497845 28089938
71637790 35821201
49292343 1249835
39393502 41171543
68794151 82195872
10163243 68699329
84017714 52241233
51640133 62712136
24159257 90333526
12435707 75214196
75874816 28937102
29858626 5102763
14705582 82073601
94196402 7630661
48040607 12755786
40845723 25014432
60835633 87054803
88304637 12483512
6171406 62644327
44840199 27698138
48913819 74965557
79723141 7519793
22748280 32931532
75781409 31363273
59093820 99423888
28360990 88217115
45836230 34968635
69558588 58219615
18366627 13058163
25813948 16271341
41285773 66407233
5978387 19176022
84175885 54637757
69798435 94283023
74497513 90347290
17829198 67154985
74674777 23411331
56342862 50068691
33948315 97423057
96846944 32124271
72857737 93042135
80527121 25207933
35943899 71210318
84268480 50085708
18873401 54310526
73234110 62598779
81774800 60159173
67313281 79212497
73495519 18467036
61330678 37111715
4266700 509383
23920713 79159875
81744917 31457828
28880884 32779927
17420549 15693232
8735366 78244180
55968464 42794637
14004955 41778838
44380898 44428715
98739240 50789786
13388565 63254298
75929822 71973349
3702197 47679716
66146752 43243102
32871168 29714068
30223450 27477429
59153655 37137867
68595695 54144163
39440441 40898572
56591803 49992930
80753461 9377341
52171977 17843520
59622357 89238277
33666991 66176931
