90
77086842 74224182
31227529 54834051
92057695 9321514
29505355 63677689
68677824 70075009
24341543 76792508
95935472 17126986
31969944 82121961
14472605 17723884
4252911 26698199
46423074 79555509
44476127 92182261
13978010 13381232
5464683 70618943
65043415 35482328
62222861 21614225
28964627 94646608
56484473 93450389
9644429 73538673
43613681 85989827
15298687 78322252
47965589 67955223
50077183 11234158
81474393 32451884
11666434 17066139
49137999 85727304
77909564 58089507
23987090 93614125
64233068 44403925
79886252 81968125
3582349 81792834
28955794 94625464
88075852 85063327
58601999 85440266
71430093 97720280
28558883 2215679
70170901 86728779
97962936 29040823
14009058 72764435
42346925 31953681
17680984 25675491
36281350 91484924
37615400 95590547
39994471 12784791
94752915 54364819
36157653 72397075
67022538 50851615
35914941 17629798
3070063 7614742
57851373 94516939
49248969 74500155
13745285 38926608
20483782 71936221
44700655 64224573
96178253 34492840
12684682 39563932
31048855 13859236
61966134 1482383
14267174 21180606
75545425 54476956
79390382 9020088
12388055 64219429
81849226 98929272
59060365 48302995
95336286 84919288
11935795 16911737
8354696 44585254
16521475 25681079
89905651 28838478
15847669 13738481
5818764 38600255
52459490 28532350
82531085 36867618
10564576 66941975
21418931 96798258
58334697 38626352
2845780 809312
52254935 23239103
71542098 37211357
74646996 11315299
28227036 19394735
16496340 86582790
64780221 36581731
17936560 85534166
99272647 7202223
45802478 33784228
14832930 57607762
46991732 50778319
17720294 97364014
46678623 57556307
