54
84922582 16966717
82871633 19773903
95703724 9412282
13114479 30551348
96698099 38946825
24334345 42828546
25568347 76691879
35845534 61472211
82584257 32228861
71669301 76744105
85852259 85093539
65846999 81046641
33218618 56212130
15834486 7601627
41268617 51911900
21394968 72354092
92127994 78707550
88119832 4266600
34817948 40348070
31811246 53750662
49095559 84032398
60724277 56145590
17617801 74663905
6892766 49086162
78346618 52718409
37811947 78562066
12125059 16715228
72927357 56175298
63776924 97860028
49771927 88761842
13632285 57561893
88785794 71166895
75433494 58276631
98624700 76905625
83172638 62767793
99316543 30435945
86581535 32268196
6932101 60040819
61643332 56715687
9434095 13824866
92386931 39989949
56705176 99762394
55937691 57028341
54888368 82148884
70910725 72230966
82309210 4660295
28343541 37059362
95335992 71095004
516980 56293386
19061179 46477043
76912987 83689618
15957813 18377721
30934891 16010873
72726559 75406265
