36
24437628 70709787
98234421 16899051
96454233 6919149
59755050 55546946
1224918 64417807
83879065 82982408
27803490 99696811
18266745 95317332
87333493 93101778
42855167 87075251
16268029 42470863
5999198 41792369
58885002 63732918
15014787 37687121
82597051 22864889
46091027 39329622
8745025 59551030
66470178 44325448
52388745 57715609
22133416 26225228
9207635 6130014
5826824 6012480
53846164 89527476
35145605 24093568
63685170 93696008
36166870 30517124
24825844 79953198
43686116 94682419
84885891 36227197
59092085 11217254
3063227 19999293
79550323 5183112
2024911 64324603
22040212 46020500
24762079 6930007
13060020 44173627
