55
38022995 63380184
25061283 90906895
93238018 79123990
37835684 55045723
36922677 37254011
97828201 21617600
56925683 80523366
20488536 69594226
76893455 51820353
13530938 66979865
42283978 73298112
11306876 59435233
6235916 26226194
5547337 93746453
29438962 75212112
91108647 19338144
62761390 19978308
99102297 16169929
71215652 55999407
45769770 36937980
11071931 60654680
41178045 96114322
65708547 67997613
72334317 14182932
81162796 95118354
68416465 38381607
97816839 23446774
2189319 79723340
73469792 4052754
31781217 60253008
79591151 55425105
75403412 22889863
91576144 94868892
3384650 74505708
63960039 15308147
75962826 49154419
97785092 75031969
95545933 69657222
83840154 63493639
58611992 20396601
58778207 17519301
93482426 79544808
59268147 9111398
65680503 95671745
55924752 85254290
40679394 49978072
25384286 88032254
35417497 68599157
95621216 16960429
32268575 38802146
87956565 59581254
87129574 60747752
82921326 85741656
1751646 82675506
55588458 19277831
