151311025
83734679
44741760
89133969
138752834
82237519
67808405
97494321
31249821
16894431
113531938
114025653
27359243
30247343
100525744
71896881
91483687
139310473
45710505
110722545
62673279
115074453
39245533
98458201
28443650
116894440
126979716
81528613
108636994
161854378
22106053
91466021
173139180
135535402
169150374
10841343
156899681
91636079
58804392
72699857
43356476
103390214
104724264
42346799
136373691
103266517
117874154
51184230
9560566
143110823
116357833
44267787
74521997
108925229
101601704
42146581
41990113
9509071
32937740
121585820
43837482
51051949
180778499
107363361
180255575
28713011
33452698
41946815
91231389
29586151
25844902
75969760
103976482
48304058
76392295
96961050
2667201
65178711
104320221
50723115
47621772
66266238
101361953
69427553
37197503
79586707
51774907
97770052
68995021
104234931
