143615814
9071155
22102769
14048609
156407340
79915441
71944773
19776791
5069424
24935591
55587321
151629313
128837473
9674239
29374882
802165
9147127
6367569
152129421
100841959
23493741
85618027
56176352
148259214
59705086
94064469
112997784
48681723
113938517
33754323
53251803
124781887
38845714
81759291
164715501
40954414
184855562
81444189
54335446
135413977
105689925
71335469
190038368
42682257
73428531
118757574
35896743
19081753
50261641
120342743
21409319
37045767
101731504
102131132
167132598
137039040
