39
47602698 97194951
63213504 59722471
21636377 34547126
96507398 75751398
18662684 24506500
64320021 88823156
7839540 550916
87986033 67641118
91250606 83023370
48709719 47177147
74857616 77432412
97198406 75347440
28802961 55431626
30564361 51665943
54753044 65246420
14957722 92444651
52167122 54872093
89419219 30687578
58955327 26319850
50826349 38442968
27266123 77618011
30685278 15146370
35303839 87622014
23161736 71187663
18364809 79070797
56503208 71871454
47218893 93222424
1170401 53701613
57883907 76021853
93784624 84251113
76695764 65153303
20025395 61258698
44462627 28862885
55182734 61960965
403933 3417953
33552315 58525434
26188155 80186407
67808421 64237593
87941607 61491994
