38
64901716 52564213
2695295 70080725
14366716 73536729
17127327 75148696
59760291 64994135
27070250 58448064
80664159 15254131
42334047 50251972
2578288 24484978
31800353 57501221
19756240 13256051
47878690 81916147
5329306 54778507
93854535 28451609
47869499 28190483
33271047 71511624
94108700 12771214
86307942 35966341
63631388 8475416
25985902 55951620
66916036 75908030
91162160 5572503
8340827 47580194
72065172 33496207
90997427 10919114
76691516 56381876
90814374 63270018
70564876 24570206
5538166 96143679
76850513 64419411
35931034 53407664
66178878 10121559
98604251 30039734
91031501 5003171
13471143 62235639
38143668 69533754
75106257 80387178
27967371 29305828
