92796093
1612775
22748943
121186411
7665101
96497604
94284910
41531415
180523768
113163991
68851829
59494265
152836424
91336617
103381182
70014973
100707473
145588877
54402034
109296603
16132916
178725826
150438747
52871796
26117393
80109429
162289172
29043195
85073215
112858756
78652355
31108185
48931209
123546671
118261453
101385271
101416504
101039698
122295077
22233138
56729727
77164920
63635910
140210332
146222409
51763780
115886314
121680742
141680057
40033654
10057081
103008489
92359654
92874703
108110317
52069997
71844427
63257814
111788053
16733355
117251936
24789355
119508505
21661696
89523049
92707017
148776688
69538969
42044787
40511082
52134033
74567403
61672701
23484874
41098621
41056007
