56
58822767 93079142
2098701 15357961
62576853 4561542
5731942 8316666
66200572 91115058
37416033 42499407
19195170 83870226
3895621 51191082
95653708 574406
8273491 18372937
18776869 51588013
85140327 66798924
92987079 51479628
19288048 1894271
42352229 6995424
74565 62774555
78132515 1174995
5736536 2173265
63006282 93225719
36857128 63984830
6484236 29206854
65593431 26789513
30496946 25679405
78770162 69489051
40378340 26150654
30255018 87043652
53842575 59155208
10634835 67911696
69805967 46829653
6341428 82439234
97730140 12158195
65849542 58932344
13621961 28379006
74121077 24102429
88087258 76628242
58351447 10978204
90284068 94571493
72767249 23944878
45950280 20781014
99448019 51537410
38581061 86328619
45483827 29703036
97614731 92423636
91769640 8635013
91074247 19937049
84611596 50627420
9559763 41320738
69699744 2977489
27079917 23181723
99809965 43820820
7315375 15167175
9738667 58161411
34622640 97599443
70896808 35022268
86559677 80572920
66901538 70344826
