76
42675488 50120604
35215691 168828
3710927 85348952
47044493 94206287
82865983 945217
36883659 59613944
50860417 43424492
12377099 37351882
84172819 96350948
62873074 50290916
76276177 17648698
42211973 25418361
84201764 68634659
31893690 61103667
90923122 36272318
38909273 32330065
85015244 33598609
71463912 74124964
20847602 41242522
42187739 71024757
30638700 3713585
99654428 79071397
68939630 81499116
77850064 12031526
62322441 5628801
23277498 93239489
71174202 91114969
12265979 18005822
31625840 55375965
91648282 44159668
76489733 22548961
8663922 30557555
57198870 14021328
55263850 80127833
51152589 78046471
34276407 97451588
76522984 34307640
68323108 33930834
98478711 45462614
3607766 98689523
91929011 13317503
56948824 26885263
97407436 15619564
70995529 69214802
65890822 81549627
56614939 15160162
98234068 42380554
56401881 65278860
97923045 55432937
33479408 11665730
61633669 1591985
35899625 67755814
54203000 38156653
36135618 56739084
55428606 52681710
18515565 39743383
19144997 99873968
15493532 75464388
44679189 69068784
3134762 39005412
54165573 63086362
5466915 59749700
77544912 52399641
7832577 14385148
78567229 27984308
29576292 93828336
61584150 92717250
83390254 17992268
27247703 15787149
20985210 19525871
11785605 82676308
35066628 39500774
14965161 83446953
5032088 50560159
42081922 12160702
75247063 8166849
