103680149
94113547
118801806
108783780
101501268
70900861
144494635
37494227
85910105
8805163
27771466
178153609
47892335
91119197
76165783
90738579
23045348
130399017
104448145
155093120
42373264
115501956
46887301
60517974
60374855
13317120
98527545
45782355
148934704
119024938
98931419
103567564
33799785
119810148
92025245
32387783
116004915
14437300
42524610
97902253
108129709
21885361
73764179
84387104
32683391
8763271
59568093
188965665
61090884
98726068
34604631
31033951
48542965
49305276
65517723
110125459
143150530
105139245
65399478
96794079
123535936
85052699
19889303
54603217
89457682
113348349
59926094
51991142
91874051
111295712
151827279
79443973
52094423
14195122
103273358
45955425
78027757
78581377
120385276
99435742
44821248
101339437
79415357
171193786
152169642
167181898
21477977
46462490
49422822
