65
50975738 40384144
59784068 89190669
33376687 8033650
18834266 13563152
14147788 25884073
15404857 77324920
48041063 59535404
39050411 88301485
22571109 97068052
10883621 9135516
72357330 56197898
90132158 92810239
20385468 637912
88909728 17610765
48234467 17423408
57807551 67759144
56949813 51726556
59760205 17591619
83671122 90326499
16210571 31110822
8435741 50335261
62387016 31615427
19916911 56476803
6061206 53953778
63089293 95004372
3718621 16944826
62271417 35446622
88600885 93850779
63977895 35173236
52596643 30026965
97786108 64728713
16455268 62920546
33028516 54735920
97578770 28731824
59842645 16699637
19551249 66305693
97921119 20794737
77271539 81938264
88408393 70354382
17875105 35849096
52793922 51497685
39460658 21593725
67960855 67581690
2754925 80577894
10604858 31938749
49183813 55351568
18272113 8390966
15643237 65639080
94370903 3816980
73032968 13222007
79527699 6729899
27524635 92584216
27038831 29965169
52835902 57312525
93161621 15447223
19461259 70711006
44821083 98471894
66053583 11438268
92016161 65298289
97237038 68808507
76676426 2621019
63528336 98937202
64576282 47464890
51281869 79171572
44909930 11463536
