12301680
80053975
155738894
15238227
185636822
71591359
105751835
68748953
165670529
98178934
82661549
45553851
108124457
184918585
107387125
78304204
136231309
115457802
19186737
154493617
77256263
83182851
36186941
119658779
66779344
315025
102027437
125324775
88497610
59337934
110195864
51567675
25972249
31354183
70227437
60370320
29490167
116477401
84263978
16911371
111841070
21266836
97888695
17453891
45613389
147858186
149566940
69568992
120325893
74123465
116366506
131853459
68137655
72620291
35861529
18458913
29825596
94062397
175856334
187555196
84158706
43257017
85823443
110310426
132167018
