92
7817418 67116411
19152738 70966208
20257112 77625380
76216920 91202018
92040312 29799268
59036248 79069841
86215502 37610812
20381145 37973749
75781850 29296437
73463650 68801829
1545302 28008037
93128673 82952991
45004702 82724734
25926295 36046185
99248213 70392877
37509288 2002839
72969046 7065630
84691009 9178377
52896747 93226158
23025425 13424281
92494121 44937058
35064221 82061672
72551772 31225974
60522410 7961718
76763546 48333621
76341658 86502411
69455402 30825200
66066285 21986682
58032866 66976455
37369331 91992580
93995418 9797430
16863059 27394970
89089699 19480815
65223324 54070420
67494700 41986445
86923502 88248748
22826771 59988820
43731145 21987723
29949440 47894894
96228515 4253555
43272317 59229337
90054536 25086524
47073205 12727718
79704172 56120821
629752 57622422
67419852 17073503
44468472 47141521
19138687 36799262
90869681 33558170
28060966 84362011
25127110 10880732
23385903 14984468
89488542 47953881
48365126 67117048
23886954 71954333
31183669 44593640
69680163 67159270
79886988 73754557
82391729 69269719
79408493 59591159
29181013 35537832
82679352 46828344
83627605 26165837
12240358 1818038
86180048 27013638
90410721 40301324
7802143 11307158
11777390 13796624
80913671 97290684
69245016 60142515
57252507 57316976
24476245 52945036
26699592 26932669
48718740 56879584
68987095 61607672
97145503 28127232
27471927 98168107
76850295 79824854
34159244 63615883
90629520 89090653
81908328 72855643
36679152 33556593
47353216 89710470
87001153 48456541
61115408 80783238
38100213 8762520
61707555 18367914
97816934 15092809
71972393 40923499
2531170 46535673
27179256 40959487
91643945 99676673
