39658283
71859909
74068657
167418939
93152969
130033475
104719676
53935577
92147307
142265480
8278363
176081665
112113566
59480727
169641091
12111351
36651131
44312349
131910790
33096773
115259375
102173085
96006381
33649030
115442485
162844070
95204833
76485219
125009322
104478195
46169508
44258030
72516063
119293745
109095309
175172251
72087932
55542155
74239344
25402831
102501655
83727481
42232653
124836952
4827093
67701439
91609994
52693119
100667034
89676365
30111360
36577625
118287442
115473990
81328341
73406548
136839434
153641546
151661449
131481949
62735445
113937208
85886107
7551268
87581709
107410188
18522838
25574015
178204356
127251379
114569484
68343096
53632262
105598325
128716536
89808897
88498287
156675150
97775128
179720174
154763972
70235746
117308040
116805373
135905192
34302257
64888953
62055645
108032363
14318987
61763569
191320619
