53028471
69156821
41385023
183558688
90010967
76559136
50438705
165938900
147885345
105424802
51379569
25849957
98264780
84545333
183328245
82366213
48720816
110208227
58167362
71743111
49178373
111532160
63175056
45580335
34375479
33754051
104167300
115576499
103825382
29354632
92150741
8175120
50070381
171515607
103399827
23956061
14177100
74771807
61443595
103797158
105848060
117153529
89160663
52255510
157389971
55706285
71774903
26118435
1766842
35897285
49975903
44298105
11738511
63371865
70562590
154562078
82827227
163119318
33410316
110121806
113461580
54586028
84094608
146659569
85533834
164187702
49560504
55345314
98711905
18362707
120686140
80861285
95991543
99288632
2992672
119507194
151332858
85524957
27843934
27189766
129634376
119179418
