65
18886843 2702458
56548621 28529892
63675497 95496762
59181931 2760980
91444201 94192620
19018463 91651481
87853948 38642971
23528862 55245659
66854095 99071201
54650779 43528154
75594828 24553558
26578468 18975382
41015593 74131680
98893758 86024826
99084845 37705571
40408028 37896175
66426066 70488039
65984800 49473001
4750332 30101562
76810533 77683083
21850915 96194533
34837503 48345347
56107357 9704862
61292414 58366364
54410870 22961452
31361 15943192
34918573 82522049
56653728 79126181
65151006 28450517
18672439 55547486
45960012 64235851
87240241 11596819
13586171 12386077
95003991 5741393
83424475 18336502
14531034 71814523
72676222 5275389
67496602 49368537
60251252 28783578
4261381 28789015
44732206 67178473
49700522 4292742
83418922 32167131
13133999 6354249
14418086 48569927
65322129 84322790
95919608 60378097
25280526 52562370
58303762 62022130
80358631 20284516
44615390 94244588
52036328 94889665
96774553 17291611
98591541 19532929
48321943 9542156
76720629 2852921
7145662 45570500
30253982 78937502
85291750 90564583
91650862 95904333
32743474 52226188
65120636 9489342
62051711 28663081
43201562 90401161
63202028 72871824
