115350929
27336046
25707985
62911428
121846733
3813150
124836108
105140304
166195274
89734309
102930065
8346331
80565046
150990024
47266947
121391318
114352270
81872947
54084339
91428637
20001094
60893964
38911255
42288789
58568864
141617207
54227754
28609699
66682045
116022683
38467783
55679813
96280979
150502666
90276413
80804866
125328479
29835379
41579416
107693007
20345383
126342537
164081459
164844804
69212829
80377095
106411554
101057179
97802975
165899873
83970299
103052763
117331034
58502898
131322806
134984284
146525779
70488505
98442394
2561823
81395859
96470089
61660812
32470448
42983316
98763102
44787127
88809614
133209950
53088348
147903172
19003095
109389855
62585237
57700880
96291523
121253027
80339014
106584734
44909241
54304587
141374129
99843923
