71
53865482 51967956
77287861 25341299
22804308 89514702
72155654 5902436
52237304 17631330
59136974 12352911
1249178 90227747
20683076 58172288
37976376 94206584
23403783 48374579
32101201 75124037
83977303 21036825
73688500 5122681
4020751 33548864
9372886 46139028
98106983 51764673
77105971 63238367
5269420 27911195
86329982 99910278
17541607 77425073
42294336 38567285
81311383 29194932
87367219 96059865
90266448 1994459
2885389 77859946
52983983 66186582
39739758 34986589
92625621 89477637
23026500 13428257
59567284 49162723
927395 32399385
48154103 10190619
38101813 30549717
82976346 5939874
83364947 24431795
15515431 53034304
82229235 78175634
74235498 96826814
51337624 22112806
52489103 17018297
83204879 54223012
41725952 57989437
47467073 22944636
88889245 34351572
83514295 70493572
55409308 48456528
58647146 36958041
67507758 56079762
62019636 49265311
26213457 50484103
3518407 97900934
76076567 41728887
91072052 85747641
60376798 2828416
19846712 94926027
49149038 12865901
70855337 55567942
31028930 43391341
30259265 18322410
41332333 19918174
20891053 66289911
3247951 49257993
5337754 32054551
81319861 70755708
73756163 19873741
17774674 7533317
1778555 77274569
15538561 46367592
49196007 92850607
40292985 75915359
41297611 21559071
