92
59229 76262
2825 7482
76896 6401
20174 54996
12174 76216
5994 72056
91788 72232
84349 63365
5210 97594
74767 74955
95014 46147
9921 25795
72034 89591
30352 95363
52516 86441
79055 66196
73677 11744
18144 98231
53226 50572
43139 54669
26725 81751
53982 65484
45200 18512
16105 54682
29637 50409
96555 7223
49369 24650
14240 22828
18190 37755
40547 60944
43491 70705
82448 19601
17831 17167
84090 16944
71612 87408
85510 27228
9063 98336
33199 39491
10525 54262
4670 65656
72878 40161
81162 17576
40403 38599
76353 11753
89048 58593
29297 16899
52852 32538
49704 11745
45040 87034
90794 50145
93724 16651
14987 76303
15794 2786
57047 64537
30192 42670
82830 78068
95644 19422
58020 80343
92095 36046
10990 34372
67622 81143
13680 40287
68383 20473
23859 79736
29880 13422
30072 14652
90954 23604
42741 61410
25947 23099
65768 99788
77855 56138
75559 64949
45291 89850
42248 49930
653 53738
34880 53237
9875 68275
5099 64911
44646 78257
8030 45309
59960 90878
14481 38102
15863 67266
6716 57221
73360 41809
14299 88836
53784 67567
73768 6209
56139 15427
69164 16015
85604 56791
41417 20395
