129186
9038
33799
62578
52908
32171
164021
145545
29035
149723
121774
29255
161626
93473
125939
145252
51618
69057
103799
97809
86219
119467
51280
53848
76917
37087
65903
34926
50958
101492
109027
71971
34999
66657
159021
87225
43575
72691
37435
26875
105697
67921
79003
51645
140700
46197
85162
39875
111580
125550
66071
61347
11867
121585
70288
160899
71613
130849
101582
38365
148766
43745
73715
80487
40342
42994
79977
104152
49047
165557
124597
139923
114898
92179
4947
88118
46011
27967
110182
32284
145264
45347
63975
28342
107345
59283
119320
33031
53271
64431
133652
53163
