56
13528 97296
96942 19194
98799 58429
29243 27638
24212 48395
8841 16955
33687 63550
70085 68945
48404 58348
63709 90280
17266 12804
57795 33809
76730 46028
25788 17810
38767 24311
21607 14143
33336 52294
10723 18548
62537 48486
13233 56317
73271 86748
66649 22073
7370 6957
81657 36734
43365 55773
84928 45365
79173 76983
23010 42722
76883 72255
96565 65149
79291 15649
67943 34523
69422 28979
77464 95017
67685 31959
35058 90696
29121 40955
64264 1707
54792 36490
8614 62272
7636 98156
75138 93542
52615 3160
75414 14500
79648 29498
61498 71979
6501 58939
4269 45792
40808 75923
24233 81732
88780 24844
65799 75642
93700 17900
70741 46414
8685 48491
62999 79354
