78
62868 85305
29951 73735
81764 8176
84488 20828
51660 36217
52080 51753
58468 25232
14944 10240
24538 47303
17439 82510
72629 30747
3237 49217
34732 88644
74247 76379
17796 55126
40430 69724
59810 97015
5190 86732
23911 57926
10494 89677
57781 91922
17154 78925
89165 32601
96255 48449
47310 30054
77152 13693
79261 19938
8581 80388
73119 13992
69117 99179
85255 90914
4280 25899
12630 45064
19341 9469
15498 52893
44814 29835
8759 73278
5878 78319
26767 14275
44329 2133
32177 74076
94014 37832
18220 11438
41781 18946
34477 91338
98603 10898
36796 19731
81146 2882
28702 65777
18669 487
46673 60551
33829 63483
58153 55431
86058 56058
74542 84920
58995 46738
84569 23071
34508 69360
4658 2788
10477 92640
3537 39134
58864 25431
44664 56684
38813 56361
56847 89718
50268 73833
53667 19871
91654 448
72858 11820
96739 77711
24448 47399
70469 72085
57797 9016
28156 21328
13968 62454
17939 54984
96767 33856
6892 93154
