62
18051 16773
53375 90191
18427 53016
20224 57671
75889 11510
307 49881
39642 18
13147 34645
23028 65725
80506 40235
95856 34787
60413 78603
94053 89390
8698 3182
82388 34026
50798 79611
69802 16791
69806 20524
78194 4580
32441 6381
56261 70435
86804 49099
83743 95903
77979 99951
56537 6771
41557 58485
53439 52392
41781 18321
21502 63843
97868 66831
46441 20242
37032 65017
1892 32594
53525 6837
13217 96438
66872 85965
35063 85829
98083 53675
69977 35158
41928 76062
50898 26513
95256 99836
18156 20688
84530 37037
20219 56010
76251 98749
80117 66659
15605 13282
36470 82008
78445 69129
71446 66038
51866 61668
31695 22860
58017 49949
42362 1671
44536 16296
32483 93259
30298 39791
93179 66991
23000 14827
29927 29749
96408 99250
