82638
63760
101485
22429
75302
140221
189028
135970
106828
158219
148823
14013
15036
93669
14745
113727
7575
69493
73103
71113
153934
165077
144846
132501
7367
153490
7811
117964
75643
79899
102416
187180
47586
126759
38075
101791
101132
122050
50277
50205
117457
38947
37827
118647
42817
96653
108412
171057
157943
99142
21714
13244
130228
57663
44838
144404
170364
114758
28704
102655
25870
52395
94457
58681
4317
114494
44660
158778
183961
148103
34569
115667
95523
100182
33577
126467
59847
89869
94163
98781
109631
39720
28909
38889
23320
85608
90049
41207
123425
22012
