72
38136 89247
58214 35831
11245 68987
48635 87711
65560 83223
6075 23925
28193 11352
68511 98349
38933 26276
31407 93355
75505 14575
8274 65658
36398 38270
46954 73117
36115 15752
21350 79625
31807 90602
59589 79563
83625 43051
42625 24575
48499 49185
60536 48700
63400 93043
19318 45398
38752 2333
33259 50725
16382 30608
68877 57884
31000 69132
1235 15830
11806 83466
74068 22584
2147 59965
3015 50008
74582 2123
51307 45640
10691 23080
32474 28194
73592 74090
92774 51791
18867 28695
59303 26032
268 51601
20732 28179
60361 31267
14733 38318
60901 88518
48482 5152
55159 79399
81522 51497
13488 46092
85523 49180
93726 24178
14619 17996
69786 83669
12363 23745
66128 5005
72957 88017
16196 66395
14014 10040
48357 92908
81425 45098
50249 9257
5008 29907
97755 21759
67850 86529
52060 27594
68123 53372
87719 45785
45805 99093
22837 73856
78860 58168
