75
36940 89556
98723 67839
90650 4471
18456 66144
85819 13860
77046 71425
19405 71135
20105 63878
75891 60188
91444 5113
31412 39401
38862 87835
91987 75143
48732 74520
42532 25600
31507 52306
36496 95823
293 30230
96373 27146
57357 35100
22877 82191
69678 50754
14632 58633
18821 89782
11247 6874
46275 26616
14450 42658
34152 1488
76008 22789
48388 82883
51540 34891
47065 96247
26476 88036
31533 47358
98809 22848
21390 5241
55994 21685
80318 91067
97201 86977
10203 15490
42105 8447
67456 56477
74316 72906
95694 1607
842 66675
17917 60434
56680 52381
56768 64982
28691 83155
22354 4652
9892 27499
65536 60095
67514 82238
85566 62205
77694 64714
89512 95768
68596 36150
9055 73319
74925 42912
25938 4749
81534 92118
44499 43855
25188 38213
37719 17618
22270 53878
97728 76424
36518 32161
30750 63263
25467 20383
85096 16316
12083 19512
55661 90959
64277 80679
39942 64716
85816 55554
