77
78852 13776
27170 13193
91897 74335
71260 30951
28119 34135
81649 71879
65823 41959
3122 92646
39789 60161
13099 79938
10780 62433
85558 38084
26277 87240
34973 16465
41133 53843
83970 13202
26394 36337
27023 11139
58441 34642
68776 98283
86513 86559
44869 50425
43070 52335
28848 47991
44280 99210
77995 58298
12733 71412
75003 63552
80016 39009
9203 9975
23176 37501
73837 93172
20662 65921
562 859
15493 79102
65660 69338
19762 2006
70692 10529
74871 79183
94745 15891
90540 35502
6913 72739
36290 19625
58633 98267
8242 32658
70158 84188
77359 47769
13690 60346
77556 98021
77122 30603
16292 9401
27758 59134
69662 52405
47940 98449
30692 60884
12737 42684
15422 37583
57207 19650
34268 68063
720 32192
16379 58861
6630 70877
47574 93737
91757 36671
67273 25130
34530 85231
44364 99917
52321 62287
77087 30377
7612 260
42943 24130
61713 20348
56349 74716
42779 18919
67462 90617
49477 43498
30727 83840
