79
67349 47671
8521 9733
34920 21913
75983 26139
48408 5149
2877 52406
5275 96920
27670 66139
7958 25658
27105 43985
56067 43821
99482 18064
98692 36745
76686 80549
82716 70597
18268 58917
68649 66416
4680 43140
69278 19921
41421 80662
33067 34037
30957 44297
26788 54693
80350 58626
2610 51097
94917 7455
41870 75028
28125 10750
7650 56913
27510 21162
80078 90365
73132 62129
5268 65079
1351 77811
58472 74546
8582 42771
3420 7890
62583 55890
14515 30207
81303 59284
83090 33476
24856 92571
3321 24959
81872 52980
90493 10970
17687 25733
87861 70571
52001 90818
68629 93128
84025 53351
12473 43452
51342 92607
64848 15892
46098 30276
89559 79363
29190 43752
52675 72649
13959 54045
23376 55995
83316 12182
37914 13869
791 17354
8172 25774
35254 52791
22493 76800
36603 19278
28236 34965
50857 87944
18219 93084
72446 13306
73410 24130
96778 17987
72032 26084
98430 27088
39270 11759
25627 98097
15451 77183
19309 26417
79207 23622
