43
28364 28883
65352 92050
86847 13844
1641 47741
99606 64866
96560 24501
98869 65906
24619 98231
59118 15165
63999 34229
64526 15260
24791 30989
53988 79352
9278 54539
67298 53237
82119 35672
44074 12013
25857 63822
11562 30920
95785 27497
68349 11168
93425 8697
23279 67218
98734 18044
52272 82396
14007 62732
93721 33150
12501 38797
9688 47708
945 38131
73802 76985
88998 99415
63237 17875
65146 31206
58702 74798
2317 77283
85979 43403
10620 12094
46489 9257
8004 9353
72084 15112
48261 22010
77159 82156
