54
51398 17160
4005 71969
19128 66641
88390 84186
53365 82053
24567 28013
32781 53748
45537 41878
77857 31184
15564 64376
10186 42282
53194 25553
43544 81700
25298 79218
53503 99897
33408 67403
39371 4900
87893 37412
37950 74850
56902 76282
4294 91314
61413 97820
56049 53426
84609 6950
87677 50258
92539 16525
58429 14215
12266 45732
24950 18324
18221 37563
21317 78452
99703 51628
5392 60687
35536 87595
80228 43341
51006 8790
22961 84521
54299 28770
52071 79010
29267 55259
71783 39748
70314 38157
83888 30211
64887 82579
36494 25189
19992 83107
51086 57810
34849 19695
23641 72829
32521 70384
95525 3869
4741 99878
28648 18486
97495 59039
