90
31433 52538
30992 33219
35949 78417
7118 21032
39872 35429
94761 55497
99816 89211
60991 79522
41292 82862
83376 74842
69820 79002
3305 28016
3646 18709
30450 89737
69502 2129
71018 48191
81409 935
95703 18362
39393 33709
85490 19172
74669 79264
84826 80250
59772 90836
73697 62169
37010 1063
80064 73425
1440 23181
41889 99720
89457 21437
23565 88690
36880 75310
92596 94583
29296 18289
51997 88299
7470 68688
47952 53838
34088 98490
89326 49129
11297 93859
11273 79374
52798 64658
87838 7688
7408 70589
92025 46078
34767 13216
88525 31942
42876 71647
89935 81121
85771 72171
40858 58283
12121 9592
8082 5161
70642 62560
72770 13759
9484 81938
62948 84042
91729 78634
49222 67137
13215 15488
45055 57599
5892 47981
19627 33580
31052 65119
37289 25913
548 33174
42765 94498
16011 29020
91579 67198
97308 86652
84941 64348
64741 6792
85425 47888
31377 72821
88309 34646
8596 44591
92571 49715
83294 14487
79605 28550
70814 30697
80222 33245
44095 71361
16732 22987
6536 60105
63108 8310
89009 3844
26987 64400
28640 70101
42922 12411
63408 60016
4606 47582
