58
78300 93929
2037 9128
92753 3429
54310 87267
47982 92669
61341 16596
10035 94710
2321 61601
20895 34164
12228 39021
95369 95611
54741 47499
14960 2337
68166 98238
28964 15152
9080 40623
66103 7264
27044 27468
31087 58855
51523 81354
14301 79068
90130 12863
90815 24335
74851 92450
47822 28062
23672 87078
34576 59543
61879 94764
93001 49536
81039 30044
87019 38317
61932 90118
17585 53121
11975 88975
86680 65023
44091 79849
9063 981
41667 50572
59373 16230
44291 16517
19947 7195
66737 84314
79077 54522
20409 44967
91363 72077
26745 1447
7916 78381
47853 88676
94003 41853
6875 76179
56027 97034
98014 67317
17888 81441
97670 56033
88901 77261
807 58312
42625 8847
79721 67543
