40
5.0
5.0
5.0
0.0
5.0
5.0
6.3
0.0
5.0
5.0
0.0
5.9
10.0
6.0
3.0
3.19
10.0
6.0
3.0
3.18
10.0
6.0
3.0
3.2
10.0
6.0
3.0
3.1
5.0
5.0
0.0
8.0
5.0
5.0
0.0
6.6
1.0
10.0
0.0
0.0
1.0
8.0
1.0
0.0
1.0
8.0
2.0
0.0
5.0
5.0
0.0
3.3
5.0
5.0
0.0
2.7
5.0
5.0
0.0
1.9
5.0
5.0
0.0
1.1
5.0
5.0
0.0
4.3
5.0
5.0
0.0
5.1
5.0
5.0
0.0
3.5
0.01
25.0
0.0
0.0
5.0
5.0
5.0
0.45
5.0
5.0
5.0
0.55
5.0
5.0
5.0
1.25
5.0
5.0
5.0
1.35
5.0
5.0
5.0
2.05
5.0
5.0
5.0
2.15
5.0
5.0
5.0
2.85
5.0
5.0
5.0
2.95
5.0
5.0
5.0
3.65
5.0
5.0
5.0
3.75
5.0
5.0
5.0
4.45
5.0
5.0
5.0
4.55
5.0
5.0
5.0
5.25
5.0
5.0
5.0
5.35
5.0
5.0
5.0
6.05
5.0
5.0
5.0
6.15
5.0
5.0
5.0
6.85
5.0
5.0
5.0
6.95
5.0
5.0
5.0
7.65
5.0
5.0
5.0
7.75
