40
13.7819679984
12.8880020572
42.4360428194
2.97164395053
10.8595135056
12.4188728944
47.5219894646
12.9722486422
4.6121631267
14.1673074774
36.2564565994
6.70203979139
0.495334254133
10.5006295214
45.1451893104
14.3328960477
12.7464663417
4.5718094802
32.8457739116
2.36631275291
7.04326150351
13.1119538723
9.86790757762
15.1659327501
18.2536435407
8.35020300241
4.39178132432
12.9860314601
6.2871381461
2.50235411387
47.5834816627
0.693296451325
17.6669161123
11.3605481385
29.614377289
7.25849592916
4.26612964403
14.8578455776
38.5068531574
11.3254693483
17.4971742689
10.1262685432
22.2512461406
19.5875528649
0.765872780084
3.81158524851
18.3826371928
4.34386213421
6.91202704554
8.88456416847
14.6343809
4.36166284565
8.51413694769
9.3169700171
45.1472971222
5.8039133024
9.52028587664
17.4149507726
0.385212910907
3.36553578851
14.4754546898
0.15455292856
19.4945915114
7.5898977451
19.7105555693
8.56426995446
41.1865779798
17.6496270432
0.612195495062
13.6441836634
37.8233645812
7.68059422097
14.4586174593
10.8331618049
31.1667643592
0.701307151276
14.9812575252
14.2279659957
7.78500562519
15.5849632542
16.8779531529
5.46739233284
26.0797220487
7.95244552782
3.97919653663
1.08674778869
18.1834159713
2.05003885472
13.4022419211
14.9339252986
22.9342727198
6.83934826264
18.0904724542
17.7067727373
24.0351494032
18.6916723718
19.4510854764
11.7050650948
49.1212479282
4.2055746647
8.30224022787
17.1016757454
11.6317567478
13.2128111217
11.2347226126
17.9286628341
35.1466537591
13.9014216649
0.592081073836
2.69040054743
14.180453994
17.7036598446
10.740565377
2.42183650147
15.9851928166
16.9840537306
18.4262302828
14.404857589
33.4537496417
3.89490191769
19.5956622195
12.3044941529
31.908803773
0.132434350842
0.774975882469
10.8551233735
32.5413568986
6.41566014124
7.26273518282
12.642270524
7.11788576048
0.41840043567
8.10174975916
9.63571534421
48.5148695927
1.91794121168
10.2369863708
4.90977984663
15.1970671807
11.1994189947
13.399087423
15.1590294039
28.0546397886
2.36919181814
13.69576056
0.0691452159909
8.63525517584
14.0180939775
2.23205025773
16.4907788183
43.8190481078
4.66731285963
11.3433269062
7.25125092008
5.93575504502
8.71312844395
3.43826073655
2.34830056159
48.4052110899
6.11924364136
