40
14.1110920637
11.5263019502
15.3860383214
4.32816727143
13.4094329792
0.474107288055
9.2753249004
1.29707045983
18.0928820509
19.4103104702
33.1409575214
13.7192077767
8.97383909776
10.7549134907
7.1911616931
10.0414834321
14.6694248599
14.2248589765
14.3695429963
19.4897475936
12.059697991
4.29757042989
39.2635795986
14.3201830276
10.6763066879
11.2039791894
35.3631893289
8.75852431691
14.1355966159
15.8002475266
32.4291703843
2.88380382331
6.64500603087
3.25210981937
45.6181757796
10.6591924819
1.10823354794
3.74600124755
4.17752426104
16.9765684464
19.2532037914
10.7751388186
44.8325088647
3.91388331161
8.62724392458
14.31403022
31.5957632378
4.89599614494
0.723037599909
13.8269714945
7.70124716108
2.7071793576
18.2254673945
6.73875447288
22.200655262
13.848605
11.2754843977
12.5469657377
47.2518476308
9.79167059685
10.2194259459
17.1959785452
36.5057580666
10.2864928833
12.2323465078
6.06544950735
10.8840201051
13.522823646
1.7026319305
10.8414705551
19.615529674
5.62206075567
11.6677606595
4.21947190579
42.3923108645
18.5775116066
8.22703342989
3.3365359123
46.8739887632
3.40786095918
9.24366543218
5.66779314502
6.06301233456
16.7433066272
19.3431379955
19.6409803773
3.35145485452
10.245452119
18.1821110532
13.0800965726
18.7015325234
11.8837083051
5.11069824833
10.1267954485
49.6535932008
11.8904599565
12.6953669857
9.82204736737
8.87327380907
0.824860954768
11.1084872637
7.88158360442
8.97602971571
3.59814975562
9.37773810727
14.7806399999
48.6563328228
14.9778729551
8.22936081219
7.78376842189
33.5139847665
10.3882166646
2.89888904074
4.80085541294
4.21363828722
15.4835158317
19.5417815471
3.40883721209
39.2441804099
6.80774923826
6.01645350101
6.9278250966
0.668628062164
17.8635943212
9.38293433359
13.7812303471
21.4530664151
11.4779900752
10.6041762715
2.86596217956
5.5668924281
16.246696293
3.42884293061
2.65292516343
49.1221805726
13.7657895549
15.0793782217
9.54839842156
17.6302143092
7.44068374768
8.83677679649
12.2472814679
3.07951185132
1.14861611497
2.6089009852
3.38847842444
39.39626696
17.5252772964
7.46520623778
6.97225508593
16.1695876385
11.5244332954
4.51092790022
1.14341288218
43.2539607278
7.85375905752
9.16645695651
5.47445199366
32.5322858044
11.1811256905
