40
8.94760595589
7.74046809326
16.0238979218
15.5397992929
8.7904063679
13.3545607563
42.9445981151
19.9940338204
2.31120911638
8.02744506756
29.1601907103
15.95656028
5.02333387851
2.15758242957
24.0750398075
15.6652265761
8.01071233415
14.7207682845
31.831069781
16.7907095725
0.780804896689
15.8381614264
39.7226099841
10.6059589145
14.2719843239
0.249544461164
26.1491782942
7.25763892725
16.7577790631
3.08199649838
17.0986193686
16.2222061604
11.4116697055
7.56298491907
27.4398898788
8.58878258876
3.88713038386
1.50978943363
2.26096041116
7.8169362237
1.17072287962
11.9529064821
24.562520763
0.794003574773
12.8121475062
19.4268486006
8.47165318054
3.30171354781
17.2987810866
3.29352962491
22.7593397031
7.70947569993
18.8346349239
2.02212136128
24.9123186051
10.3748707162
10.6025665601
6.20530355739
13.7291604955
13.4246175913
13.275187903
17.9956299274
12.0760337874
3.84181465728
9.09871419864
7.40582996551
41.3114775361
9.76454508224
6.16497170923
6.0888869898
30.1428053715
0.190672068682
15.4306128956
11.5596837058
26.9609221879
6.5830196387
16.7604159527
19.2561744203
1.54276002066
3.37630092214
19.5894855321
0.780989685981
34.7709410208
17.9836114986
13.9503360732
9.39806039803
45.6278879138
0.769314295812
0.587130463772
8.31461192096
37.7954160068
3.46930789876
4.8791598287
10.6895590929
9.61295320428
10.7339182828
1.1883023544
9.4291207949
36.4937332889
12.4654896888
14.2290753073
1.50807037219
31.1970375089
6.68716384335
0.49694446069
15.4428673292
3.673984135
11.6851651235
7.31915667277
5.57875379637
26.3241788892
14.92477982
8.93746842062
8.91551382945
44.6126430298
1.52809849094
4.94075838508
18.7565286546
42.2391201175
1.70750134068
9.82196979404
13.8104372662
2.79999174366
4.65125372174
0.0593299375726
18.5633681843
36.7485825641
1.04223204663
5.77225592882
19.7585586684
16.0944518622
6.77630478662
0.0189425847136
5.77004565426
13.6084476189
18.6968727033
7.20133077791
15.236997027
15.1896035463
4.8126976196
19.3777719694
12.7555314271
21.5094820111
4.054776826
8.40310603942
14.2228791111
49.7797613438
13.5091747793
16.9727604216
7.56383559995
33.8411241678
3.69511208039
14.3768043335
5.18735803836
27.6872682624
14.0744694496
17.747302151
9.28049380292
8.01113251378
19.3026013917
