40
14.6471626692
13.383649848
10.5002726124
8.84957953911
19.4545005996
16.7911565163
39.9640273834
6.60247615056
18.0100136843
16.4352044854
45.8847586925
6.30084134655
0.235153284991
13.6807618033
6.8713823341
15.1825446772
9.72037087822
11.7790245425
32.6808992925
19.8997664112
3.3191786755
3.645957403
46.7399018009
14.5298452073
10.9502985374
9.87607502914
32.6766693824
5.45839148937
12.2316189307
0.0489909811953
46.3349095084
17.5117165676
11.0082621538
12.2238145394
31.5447688624
19.2237024009
2.41015422781
14.9982966139
24.3885611993
16.317715674
3.16628136051
9.6616359297
46.8184116359
15.9817816808
19.2936221919
2.92817597496
30.9293719911
10.0046085245
0.619162120071
10.5924158026
12.5697630222
6.0602196496
4.17770596101
18.2113448367
37.6760086684
0.275845462668
4.01318479287
14.3863740179
7.70603969202
5.75159063657
7.93491743005
17.0410663417
4.73107377129
4.68852346536
10.8283913551
10.5907701215
3.1496656011
12.4545927233
0.552193149384
0.315998141613
23.2567126885
14.3163405843
6.61244809592
19.1139990389
30.2569471867
2.50128019584
1.58943455776
3.33224952563
44.8693896934
13.1635935969
3.47015042829
6.38010021295
46.0291165063
19.7057350727
3.91370757378
11.7347132618
26.4506390155
12.8921194855
6.29776824108
5.58236953809
3.21348197868
6.11206844319
6.74934857369
18.8007659776
39.5274924568
16.284766007
12.0991037643
19.5994582382
33.8727873474
19.5875433407
10.4591333178
5.57320011915
26.187811101
6.54410946683
6.28323108957
3.62134166299
21.7825569279
11.8178641521
13.5403486416
4.15410459549
6.79143761859
3.95683145604
12.3173445463
10.3142482633
17.0068067595
14.857552155
11.9508028521
2.23951375738
30.1145160673
10.0802381533
17.6964699632
6.02748026298
23.7148230527
6.47873390529
7.57890680514
7.50950672147
10.0935615195
1.45232111168
1.4685082372
6.51616578571
15.2262381883
19.7961449157
15.6446000456
2.24378331128
27.4326442975
13.6382917769
4.07846655154
7.20282818828
5.92792600079
13.7491497614
12.972307118
8.35775433323
40.069699256
2.88149419103
10.2245526309
1.83075059796
28.5824045913
12.452184969
18.7020282104
2.34236696582
15.5858759643
8.08560487047
10.7245385718
9.97010335592
13.5584218193
17.0516372871
15.9125627295
18.5018811958
39.1659317847
1.51878457113
