40
18.4224921491
14.8385641978
15.670449305
0.458939149691
8.12874247948
3.01520453481
28.7196638914
5.4192847016
6.0766504543
13.5313744733
28.9819924642
16.9141435335
3.04641836878
16.6991429094
8.31985403936
4.38599495837
19.7610623034
14.4963960357
15.9588829824
2.23831986055
9.56687180523
7.23570607822
22.0051907097
6.59527557496
0.631122610145
11.3346697331
34.0277071129
19.4927917915
10.4817977663
7.63189059983
9.65834517118
9.52188860378
7.62942236079
18.1507595603
20.8748332223
19.3973914757
13.7925439951
18.7203852592
15.8067868712
9.74160317609
8.79783736464
11.5589038929
32.6666172665
16.3008981758
18.6267976761
7.0969724407
14.0589959163
16.244824596
8.34121549098
10.2818898844
17.1837558936
13.6014056965
12.5775660368
11.1910145361
11.4676807564
13.091032847
9.63874913244
11.3272523487
14.4970051984
7.90112071476
12.775043635
0.213875583298
34.5889573268
18.9052843064
14.4904877037
10.3083012197
49.3007011182
0.362131367327
6.11995881645
18.2618813538
42.0417835318
6.24222571047
18.7730655786
11.6790747957
24.2026305281
10.9000358395
8.06706897516
8.29084311883
33.0010099226
0.0588931843466
13.3258767542
3.67899293167
19.0680272519
0.665214833454
5.16811961686
14.9873651454
36.4962020807
0.498596545033
18.1587531521
7.88923372921
0.792728031577
2.67726241847
7.01287787962
2.41757281078
3.25199397003
9.47218770807
8.63049639745
8.43589423594
20.2273294196
0.448968670555
10.587203644
17.1926289055
28.868102387
15.3511459284
16.1343861169
14.0207796493
26.1117361823
17.6159718203
18.6197970866
14.7861553737
6.69467226469
2.8991619792
10.9383772284
11.1156797644
36.1724010613
5.5123132161
15.2828899005
0.0384291369326
29.3495024391
7.50336273529
3.99948160823
14.1392235382
44.0011888004
14.3393513089
19.1200356409
16.1895549426
7.3807495226
1.71372222359
19.1074852601
18.6692010005
4.76624856397
0.566451945147
9.41763707687
13.2123906934
22.6436639216
5.50299447729
15.5844808146
15.4293829183
46.3238446911
11.5234308626
5.49612695865
18.3673692843
17.1368461222
15.1214608955
16.198642435
11.9375840128
28.8628619376
14.3245078044
12.432781315
6.37769276635
34.5530702222
10.9751673909
16.7951611884
19.1314776347
5.81460535065
12.6441654586
14.616947092
6.02374780767
32.2772724779
3.61792269513
