40
9.20402022988
19.633113272
0.422852115301
12.2790158372
8.67366746836
16.1859422646
13.9021588781
16.7925273176
17.0760326463
8.73386129678
12.9558032533
17.9114100799
5.62242548325
11.0006495442
32.6622708232
11.2837843706
17.7087009799
11.3355336238
41.4827813278
4.6851382532
5.76184937038
15.6950069182
33.9256447057
5.96889392936
8.55660266756
8.24855264729
30.2383980121
16.0432098242
8.76708894309
1.92682169207
0.0268056079794
12.4366555316
0.950878299286
18.9240880022
31.5466985347
12.3307135275
0.870295188336
16.8720884139
1.1421395409
18.0075683134
15.8963970993
16.3075572516
43.9922224433
9.08653247183
14.3107403465
14.9191745923
41.8644630587
3.15163738028
12.2486236208
9.61085394998
2.716353186
5.94007919911
3.91583329362
2.17991366384
32.5856693136
1.50214573879
12.0874821691
13.6738642627
46.7018890179
1.97051004037
2.8860352924
14.6754884805
49.3079352971
1.25719111742
18.1732102146
13.2890136033
41.8467089469
7.697914164
1.26881889044
5.11687480632
16.6552157307
15.6448171354
19.2242489842
19.5011166926
14.6593242715
9.54958052947
8.9074021534
7.49504731578
46.3940927983
12.1896292568
12.5270007328
11.9425568433
25.8694365218
1.66465004427
17.7314464829
8.59128644159
29.9451258332
11.4574928097
3.34738656302
2.09353840367
26.7846815304
17.5926491376
4.07313969477
16.3332108223
48.6618091958
13.1346264053
1.82237853079
15.3967470894
31.0942999205
18.9825454901
0.0963307835159
0.16007225054
30.8742696743
14.3751385817
17.002092822
16.780362888
23.0232361928
14.3270382659
13.694196277
14.1352362749
21.8112114809
15.3340241119
15.2728192095
17.1697675001
17.6698624438
4.41399239533
6.0518371483
16.4810616174
28.7205486889
0.799963994993
0.140784705409
6.52688098491
29.1366990206
9.0454212399
9.77006520342
17.2504998072
28.416314179
9.42800927627
1.12381252513
5.21641664005
49.3683952095
10.2621256757
7.12253251894
14.1813594544
3.64028214034
4.06326720736
15.1223030283
17.304076099
7.95513980919
14.5740489818
12.0500053809
15.4303626907
20.3788713685
10.2656168462
2.89810124723
4.94688584335
32.3205522399
12.1882802487
19.0345234682
16.7266373639
32.0992338746
18.7267203056
17.1649019712
5.19185856329
17.5480202916
7.92312234141
5.17575127878
10.5210062194
44.2531184763
5.24791480499
