40
10.3370843062
2.45243327127
6.72345193778
10.8324824768
17.7069565661
11.9274660852
34.1867529585
6.02867698628
13.0200117336
9.43007967624
43.8878036145
14.1290664766
13.706820433
11.4735151639
31.4406777343
14.7257086055
5.58125618659
13.9949343755
1.69575153876
2.93996477156
12.5751907874
1.30566397591
21.1266295677
17.3907082524
12.2366220078
11.9230734046
11.243255063
6.66430792236
1.8384211044
16.2803006432
34.6944976205
2.92986771218
15.5319028247
19.8530551303
46.4514523728
6.33023150415
2.75456752553
6.45867511628
7.97007388159
16.4624221651
9.71201281985
11.9013673666
24.4274045285
14.43960821
4.05413369268
17.3843361341
45.9661217013
16.8368607708
15.9096188183
5.34014936597
38.0252374295
5.23105440074
11.1783887322
1.97709084482
6.23444754233
1.67901554709
17.815001589
14.9735987066
1.73242313587
8.54206837276
17.8882478228
12.9560371678
14.9833662648
8.49856461702
10.586610874
0.523893401406
25.7566052869
10.8119207734
7.47484602787
6.3146669237
17.0198917012
1.53572039352
7.95084773472
2.1557403039
16.7207839093
4.89291702686
11.6979839271
16.8102188439
46.113770096
3.14072801247
12.9074266639
1.24729624481
45.5082038747
18.7912749686
2.58268861131
4.69820394534
14.388394554
10.5283687184
6.16111402185
0.65202624204
21.1183488225
19.5111431617
4.65374924855
14.0601998255
19.8223910016
5.48191958983
12.4038230733
8.45056961757
2.81293131474
2.74606736743
16.7980912421
0.751840820978
23.5577823913
19.1322401014
3.68925921433
14.1573484298
24.9632161047
10.9105962169
5.24682312424
6.73607932443
46.6314244069
18.4260729341
19.0266276753
13.9417491774
18.691165702
3.08800103283
4.55649604951
15.0924159548
42.8031933904
11.1176035487
15.8357036612
4.73766256552
36.5155102099
11.5079121135
16.7755088149
1.811944132
42.9500314753
12.883171102
5.50102261782
15.3805106536
12.9291806908
13.5086488572
15.5396113921
8.63823467888
3.15863382439
6.27483098073
7.16319226418
18.0028526056
23.1151468936
13.8254692165
14.3680851062
16.1220649999
18.0087739719
3.11021317624
2.13092551083
11.9291826144
44.7536578745
5.29014904895
13.1969593126
14.7053715435
47.9044811725
7.25916279269
10.9419199108
6.754616334
26.3055534273
2.93377919325
9.69468419373
0.85782058467
44.718529967
6.95649379939
