40
17.8937788458
17.8152772435
36.3912010351
12.6897752591
16.4211127587
7.08153894572
5.1466896504
7.14710332106
1.44212039349
13.8990566669
48.9764666503
15.3865134869
12.0001334726
8.43970915091
31.393715941
1.06235669003
0.774446809659
15.3318158257
34.8931108658
16.9421642927
16.491252465
12.5063095999
32.7175499257
13.2380421882
19.1214560567
1.79006874286
30.8342477223
10.1352848545
19.1066344322
18.1955517109
49.205891759
8.33965047601
7.50034720467
2.48205484298
4.77008329014
5.87712134114
15.1229959272
11.2880717772
24.814467001
14.4896508709
9.20066592606
15.4657760887
6.08029730759
0.40319325562
7.19259350555
13.2844124766
2.72766518863
14.9684589457
3.69973009058
18.4312470019
6.72817933443
8.31011573608
14.2351085176
0.544424234762
32.8654180195
8.22591648927
9.48599063441
3.27077807171
49.1094643512
7.72049610727
0.329554082542
2.42866029348
35.5041237045
9.2927943272
13.4469433667
5.90064536531
24.9695612089
6.87071219277
0.551850841708
19.4584007443
40.0674491599
4.67306014884
5.45833905576
12.974789378
36.6052523397
7.08746380715
15.0481352522
7.03018966693
6.5011736013
13.6805802688
18.775245927
3.95541951908
45.3995060506
4.13876015417
12.1289629372
0.239768165306
28.3313526766
9.31223627759
10.108129155
12.9956234753
2.2158479484
0.266740002316
7.82899703337
13.9464937194
16.7846473001
8.17129365542
18.0516089781
6.42403920434
30.4824013333
0.444839247805
3.46164798076
14.7899237772
22.7780093685
17.632920998
9.23757620608
2.72682289912
35.6729873055
2.5148030616
10.813355994
15.8938523934
10.5348449071
10.1666667703
19.3465262645
18.2657595336
47.9752978817
13.0716966984
15.0505046341
15.3070243893
14.1651235611
0.233246679536
1.24779958168
11.9566637873
44.912714773
12.5550972887
4.49000962742
19.633602152
0.580590213219
1.13914382962
14.718221863
4.01522440107
18.5506945047
17.3001869365
16.346346611
1.28522499441
9.28506746266
18.0479291936
12.7554253091
9.40832353383
37.2326320487
15.3776809232
0.0955049784799
5.07639483085
40.6498958567
19.8795951276
13.9951646392
8.55617285391
48.6209267308
3.18850960468
2.8742727276
8.58226506249
1.58819730183
9.28960648093
4.82222186532
10.3253150914
47.9204865862
16.0734598901
17.1908884329
9.4637182625
40.6026422844
18.9972924454
