40
0.595784303708
19.3621586901
48.616088853
5.90731810817
19.7633663472
15.1614828746
10.3778743939
4.03601799044
17.6081955457
17.4285362424
5.62121157514
8.99146985286
9.27154747203
13.4184396285
22.2420463739
3.8293518372
14.6185285891
0.812569140831
38.3847606935
15.0532822666
13.2537790909
5.31900350477
11.4990841736
14.0580743134
10.4809338737
8.29069801828
5.32958098658
6.68298923098
5.26211395122
0.386073725
13.1982492149
10.1967425082
8.9933457239
8.64038979353
36.4400926676
13.90436832
9.66158527431
6.94544613744
44.7211159863
13.3515605994
10.1882354107
11.8364384753
16.5651834402
7.38973329774
9.46622160761
3.95171883974
17.8088717449
0.856498718449
6.21593082431
10.5806550167
12.7651805881
5.46419385844
11.4846908771
11.4188892603
18.0116685131
9.82129122128
4.60423644354
0.33788036036
3.9547926757
8.65347839369
9.93184274931
0.416584638813
7.41600443279
14.7692910363
3.08792682787
12.0183445301
48.9144097146
4.94889162239
6.76378040641
15.3273047245
2.15715693986
1.77934603881
17.0656845426
16.1853865417
42.7605116816
3.5622309443
6.24396829653
3.50226483893
21.5695168902
9.95357889237
7.20250288932
4.38807335416
43.8667552471
11.4508399284
8.69937699103
3.32451797038
2.42633135022
19.21516023
15.4241050433
13.9939657831
43.1594319393
19.3980103801
11.3549281919
12.7427707791
34.680319317
12.2010890424
0.963324844778
0.534785708428
10.8928982704
18.2523811884
3.62074948204
4.29122156873
3.84987780139
10.9791462537
17.3854039042
5.46002339715
17.1916065116
1.66313118077
11.8674148735
14.7575625091
13.9915505232
18.6663835184
12.8808135183
8.63390412247
10.3075030905
5.557647365
11.1045273692
15.6835234883
3.85003830828
16.7412623085
14.3897291819
17.5384531487
18.6635357072
5.23944607548
18.8148131286
2.49710637034
27.4885314758
2.05520335467
0.20367693558
18.3564519317
44.8336678304
11.2322382591
12.3541450241
4.7810897225
17.6113057158
15.9416545224
19.6487009962
1.37036446622
32.6920546856
14.55210318
0.399585408476
4.75882051556
20.4281947947
10.7624579499
16.3015534995
16.5847582862
48.5848286548
5.17932481185
18.4183982469
15.9805065202
39.4438975219
18.7407139801
11.3896900551
13.1786392313
26.7997299159
19.5134581401
17.7173821099
3.33676435709
6.55703740984
16.191495243
