40
4.0291749556
8.30201554069
0.712870257672
4.13005989011
10.301614369
3.09410522601
36.3620774961
15.1958656632
18.2055276054
17.4945551268
47.0772257266
11.7294812908
7.78338114818
14.451866789
47.6758451852
17.6897213214
0.410603050273
19.3783996942
16.0774032518
5.40377417563
14.5284237942
3.11101744304
2.56200989628
4.76612186282
11.5362736479
10.0555325831
41.1237359813
17.4266240228
3.04135072817
19.6970508858
32.6176903603
2.43451106241
2.91100737312
8.71280220306
40.8309008951
2.53396656836
13.6695153096
2.60097515377
32.3557726745
1.6126530656
0.96635901648
1.05800092575
46.2332164776
5.37278243295
3.73458622246
16.1205164383
48.9427797771
5.9716614253
2.52746802608
17.5269024758
46.2022212328
1.90657167009
5.22707629595
6.23522276857
40.0203122283
19.2925460041
8.12697655802
17.8883186286
42.5340140473
1.67832721183
15.2703956199
11.7264796711
1.91511697866
11.417503271
3.52855294924
0.663448858337
19.4825121547
17.959744821
11.37992725
12.6992124794
46.0988242179
11.0496784942
15.9115666674
19.0582631433
17.4939668321
11.4171721462
13.7979920645
13.1191142142
40.0827537064
18.4149238196
6.40274519379
16.6279511277
9.90034571513
18.6609987004
14.7303883688
12.1999647587
36.9770862702
7.17147078619
10.5950540042
14.3164394181
4.51361749034
8.24539674459
6.31521478482
15.5639615331
39.4723620136
4.02012704547
4.77248812022
2.72978543739
42.299682154
1.9951921651
11.6024854628
1.46471591156
45.6836077143
0.0127398531719
15.9305241432
8.21788466053
34.8574167948
19.3855156624
3.61248247891
0.727272197902
33.075140021
16.4405850188
19.4908992309
9.75842444977
42.9701016961
10.6323913525
16.4187522412
9.66737753793
26.7351270764
12.6195504637
5.85844683836
1.7824569905
33.0037692159
19.7900704218
11.8737350089
7.45148438481
40.4396158381
9.11716670924
11.4261328252
8.26482478801
42.2590239876
2.20411702249
9.94002101334
9.52147692137
16.3531301323
16.2998558875
10.958136064
18.7306278964
15.0019436671
1.90127653559
7.15886847696
19.55829997
25.4287822882
8.96483572377
2.48358558654
16.838771057
18.6398945604
1.59709977731
8.83074299743
11.0521706363
37.7758477125
9.7823517648
9.15952017253
19.3255043463
22.7502151286
18.2282772572
1.06833194126
1.23678900067
42.1922720127
11.6053306595
